### Instance Data ###

I (production plants):
[0, 1, 2, 3, 4, 5, 6, 7, 8, 9, 10, 11, 12, 13, 14, 15, 16, 17, 18, 19]

C (potential distribution centers):
[0, 1, 2, 3, 4, 5, 6, 7, 8, 9, 10, 11, 12, 13, 14, 15, 16, 17, 18, 19, 20, 21, 22, 23, 24, 25, 26, 27, 28, 29, 30, 31, 32, 33, 34, 35, 36, 37, 38, 39]

R (regional distribution centers):
[0, 1, 2, 3, 4, 5, 6, 7, 8, 9, 10, 11, 12, 13, 14, 15, 16, 17, 18, 19, 20, 21, 22, 23, 24, 25, 26, 27, 28, 29, 30, 31, 32, 33, 34, 35, 36, 37, 38, 39, 40, 41, 42, 43, 44, 45, 46, 47, 48, 49, 50, 51, 52, 53, 54, 55, 56, 57, 58, 59]

a_ij (transportation cost from plants I to centers C):
0 0 118
0 1 141
0 2 101
0 3 37
0 4 79
0 5 159
0 6 68
0 7 58
0 8 39
0 9 76
0 10 13
0 11 65
0 12 44
0 13 111
0 14 140
0 15 181
0 16 72
0 17 52
0 18 129
0 19 74
0 20 18
0 21 46
0 22 56
0 23 38
0 24 27
0 25 38
0 26 49
0 27 62
0 28 125
0 29 59
0 30 94
0 31 84
0 32 171
0 33 99
0 34 91
0 35 19
0 36 85
0 37 91
0 38 66
0 39 155
1 0 80
1 1 104
1 2 63
1 3 10
1 4 42
1 5 121
1 6 31
1 7 35
1 8 68
1 9 39
1 10 23
1 11 31
1 12 17
1 13 74
1 14 103
1 15 144
1 16 34
1 17 14
1 18 92
1 19 40
1 20 35
1 21 39
1 22 46
1 23 1
1 24 59
1 25 64
1 26 82
1 27 92
1 28 88
1 29 50
1 30 57
1 31 59
1 32 133
1 33 62
1 34 53
1 35 20
1 36 52
1 37 54
1 38 80
1 39 117
2 0 81
2 1 108
2 2 104
2 3 53
2 4 29
2 5 95
2 6 37
2 7 91
2 8 124
2 9 62
2 10 76
2 11 29
2 12 74
2 13 105
2 14 60
2 15 101
2 16 46
2 17 55
2 18 49
2 19 15
2 20 92
2 21 95
2 22 102
2 23 55
2 24 115
2 25 120
2 26 139
2 27 148
2 28 144
2 29 107
2 30 44
2 31 115
2 32 91
2 33 116
2 34 55
2 35 70
2 36 4
2 37 88
2 38 137
2 39 75
3 0 45
3 1 68
3 2 38
3 3 46
3 4 36
3 5 86
3 6 28
3 7 25
3 8 58
3 9 4
3 10 59
3 11 41
3 12 28
3 13 39
3 14 67
3 15 108
3 16 19
3 17 20
3 18 56
3 19 50
3 20 54
3 21 29
3 22 36
3 23 33
3 24 49
3 25 54
3 26 73
3 27 82
3 28 78
3 29 41
3 30 21
3 31 49
3 32 98
3 33 50
3 34 18
3 35 55
3 36 61
3 37 22
3 38 71
3 39 82
4 0 64
4 1 91
4 2 87
4 3 60
4 4 11
4 5 78
4 6 20
4 7 74
4 8 107
4 9 45
4 10 73
4 11 37
4 12 56
4 13 88
4 14 53
4 15 94
4 16 29
4 17 38
4 18 42
4 19 21
4 20 75
4 21 78
4 22 85
4 23 48
4 24 98
4 25 103
4 26 121
4 27 131
4 28 127
4 29 90
4 30 27
4 31 98
4 32 84
4 33 99
4 34 38
4 35 69
4 36 12
4 37 71
4 38 120
4 39 68
5 0 65
5 1 88
5 2 48
5 3 33
5 4 56
5 5 106
5 6 48
5 7 5
5 8 38
5 9 23
5 10 39
5 11 61
5 12 11
5 13 58
5 14 87
5 15 128
5 16 39
5 17 30
5 18 76
5 19 70
5 20 34
5 21 9
5 22 16
5 23 30
5 24 29
5 25 34
5 26 53
5 27 62
5 28 71
5 29 21
5 30 41
5 31 31
5 32 118
5 33 46
5 34 38
5 35 35
5 36 81
5 37 38
5 38 51
5 39 102
6 0 107
6 1 130
6 2 90
6 3 15
6 4 68
6 5 148
6 6 58
6 7 48
6 8 62
6 9 66
6 10 14
6 11 39
6 12 33
6 13 100
6 14 130
6 15 170
6 16 61
6 17 41
6 18 118
6 19 54
6 20 30
6 21 36
6 22 45
6 23 28
6 24 53
6 25 58
6 26 77
6 27 86
6 28 114
6 29 48
6 30 83
6 31 74
6 32 160
6 33 88
6 34 80
6 35 8
6 36 68
6 37 80
6 38 75
6 39 144
7 0 79
7 1 103
7 2 63
7 3 11
7 4 41
7 5 120
7 6 30
7 7 40
7 8 73
7 9 38
7 10 24
7 11 26
7 12 22
7 13 73
7 14 102
7 15 143
7 16 33
7 17 13
7 18 91
7 19 35
7 20 40
7 21 44
7 22 51
7 23 3
7 24 64
7 25 69
7 26 87
7 27 96
7 28 92
7 29 55
7 30 56
7 31 63
7 32 132
7 33 64
7 34 52
7 35 21
7 36 47
7 37 53
7 38 85
7 39 116
8 0 65
8 1 88
8 2 71
8 3 26
8 4 26
8 5 106
8 6 16
8 7 58
8 8 91
8 9 29
8 10 42
8 11 8
8 12 40
8 13 71
8 14 88
8 15 128
8 16 19
8 17 22
8 18 76
8 19 17
8 20 58
8 21 62
8 22 69
8 23 21
8 24 82
8 25 87
8 26 105
8 27 114
8 28 110
8 29 73
8 30 41
8 31 81
8 32 118
8 33 82
8 34 38
8 35 37
8 36 29
8 37 54
8 38 103
8 39 102
9 0 55
9 1 79
9 2 39
9 3 47
9 4 70
9 5 97
9 6 62
9 7 7
9 8 25
9 9 36
9 10 48
9 11 74
9 12 25
9 13 49
9 14 78
9 15 119
9 16 52
9 17 43
9 18 68
9 19 84
9 20 43
9 21 15
9 22 5
9 23 44
9 24 34
9 25 24
9 26 39
9 27 48
9 28 62
9 29 7
9 30 54
9 31 22
9 32 108
9 33 37
9 34 43
9 35 45
9 36 95
9 37 29
9 38 37
9 39 92
10 0 76
10 1 103
10 2 99
10 3 59
10 4 23
10 5 90
10 6 32
10 7 86
10 8 119
10 9 57
10 10 72
10 11 35
10 12 68
10 13 100
10 14 54
10 15 95
10 16 41
10 17 50
10 18 43
10 19 20
10 20 87
10 21 90
10 22 97
10 23 50
10 24 110
10 25 115
10 26 133
10 27 143
10 28 139
10 29 102
10 30 39
10 31 110
10 32 85
10 33 111
10 34 50
10 35 68
10 36 6
10 37 83
10 38 132
10 39 69
11 0 69
11 1 62
11 2 46
11 3 99
11 4 122
11 5 80
11 6 113
11 7 59
11 8 40
11 9 88
11 10 74
11 11 126
11 12 77
11 13 45
11 14 91
11 15 102
11 16 104
11 17 95
11 18 119
11 19 135
11 20 60
11 21 55
11 22 48
11 23 95
11 24 51
11 25 41
11 26 38
11 27 16
11 28 45
11 29 43
11 30 106
11 31 35
11 32 92
11 33 34
11 34 95
11 35 80
11 36 146
11 37 62
11 38 13
11 39 78
12 0 93
12 1 66
12 2 70
12 3 123
12 4 146
12 5 80
12 6 137
12 7 83
12 8 50
12 9 112
12 10 99
12 11 150
12 12 101
12 13 69
12 14 116
12 15 102
12 16 128
12 17 119
12 18 143
12 19 159
12 20 83
12 21 79
12 22 72
12 23 120
12 24 59
12 25 54
12 26 38
12 27 26
12 28 45
12 29 67
12 30 130
12 31 59
12 32 97
12 33 59
12 34 119
12 35 104
12 36 171
12 37 87
12 38 38
12 39 102
13 0 48
13 1 71
13 2 49
13 3 43
13 4 26
13 5 89
13 6 17
13 7 36
13 8 69
13 9 7
13 10 56
13 11 30
13 12 25
13 13 49
13 14 70
13 15 111
13 16 8
13 17 17
13 18 59
13 19 39
13 20 51
13 21 40
13 22 47
13 23 30
13 24 60
13 25 65
13 26 83
13 27 92
13 28 88
13 29 51
13 30 24
13 31 59
13 32 101
13 33 60
13 34 21
13 35 52
13 36 51
13 37 32
13 38 81
13 39 85
14 0 28
14 1 29
14 2 45
14 3 120
14 4 67
14 5 16
14 6 77
14 7 87
14 8 107
14 9 69
14 10 132
14 11 96
14 12 102
14 13 35
14 14 20
14 15 34
14 16 74
14 17 94
14 18 47
14 19 81
14 20 127
14 21 99
14 22 90
14 23 107
14 24 118
14 25 108
14 26 106
14 27 83
14 28 65
14 29 87
14 30 52
14 31 61
14 32 24
14 33 46
14 34 55
14 35 129
14 36 75
14 37 55
14 38 80
14 39 8
15 0 50
15 1 41
15 2 27
15 3 80
15 4 103
15 5 58
15 6 94
15 7 41
15 8 61
15 9 69
15 10 86
15 11 107
15 12 58
15 13 26
15 14 72
15 15 81
15 16 85
15 17 76
15 18 100
15 19 116
15 20 81
15 21 53
15 22 43
15 23 76
15 24 72
15 25 62
15 26 60
15 27 37
15 28 24
15 29 40
15 30 87
15 31 16
15 32 70
15 33 15
15 34 76
15 35 83
15 36 127
15 37 43
15 38 34
15 39 59
16 0 50
16 1 74
16 2 33
16 3 74
16 4 97
16 5 91
16 6 88
16 7 34
16 8 28
16 9 63
16 10 53
16 11 101
16 12 52
16 13 43
16 14 73
16 15 114
16 16 79
16 17 70
16 18 94
16 19 110
16 20 48
16 21 30
16 22 23
16 23 71
16 24 39
16 25 29
16 26 27
16 27 21
16 28 57
16 29 19
16 30 81
16 31 17
16 32 103
16 33 32
16 34 70
16 35 55
16 36 122
16 37 38
16 38 10
16 39 87
17 0 32
17 1 22
17 2 18
17 3 93
17 4 85
17 5 39
17 6 77
17 7 60
17 8 80
17 9 51
17 10 105
17 11 89
17 12 75
17 13 9
17 14 55
17 15 61
17 16 67
17 17 67
17 18 82
17 19 98
17 20 100
17 21 72
17 22 63
17 23 80
17 24 91
17 25 81
17 26 79
17 27 56
17 28 29
17 29 60
17 30 69
17 31 34
17 32 51
17 33 19
17 34 58
17 35 102
17 36 110
17 37 28
17 38 53
17 39 42
18 0 60
18 1 84
18 2 44
18 3 42
18 4 65
18 5 102
18 6 57
18 7 2
18 8 30
18 9 32
18 10 43
18 11 69
18 12 20
18 13 54
18 14 83
18 15 124
18 16 47
18 17 38
18 18 72
18 19 79
18 20 38
18 21 10
18 22 7
18 23 39
18 24 29
18 25 26
18 26 44
18 27 53
18 28 67
18 29 12
18 30 49
18 31 27
18 32 114
18 33 42
18 34 38
18 35 40
18 36 90
18 37 34
18 38 42
18 39 97
19 0 21
19 1 47
19 2 43
19 3 87
19 4 34
19 5 45
19 6 45
19 7 55
19 8 75
19 9 37
19 10 100
19 11 64
19 12 70
19 13 44
19 14 26
19 15 67
19 16 41
19 17 62
19 18 29
19 19 48
19 20 95
19 21 67
19 22 57
19 23 75
19 24 86
19 25 76
19 26 78
19 27 87
19 28 83
19 29 54
19 30 19
19 31 54
19 32 57
19 33 55
19 34 23
19 35 96
19 36 56
19 37 27
19 38 76
19 39 40

b_jr (transportation cost from centers C to regional centers R):
0 0 80
0 1 41
0 2 21
0 3 87
0 4 57
0 5 56
0 6 39
0 7 35
0 8 71
0 9 39
0 10 67
0 11 27
0 12 57
0 13 71
0 14 61
0 15 60
0 16 81
0 17 92
0 18 56
0 19 56
0 20 92
0 21 44
0 22 41
0 23 29
0 24 29
0 25 47
0 26 20
0 27 44
0 28 59
0 29 56
0 30 36
0 31 21
0 32 52
0 33 85
0 34 35
0 35 54
0 36 38
0 37 25
0 38 84
0 39 84
0 40 37
0 41 58
0 42 59
0 43 93
0 44 45
0 45 84
0 46 82
0 47 43
0 48 36
0 49 61
0 50 50
0 51 14
0 52 58
0 53 72
0 54 68
0 55 20
0 56 100
0 57 77
0 58 62
0 59 35
1 0 104
1 1 68
1 2 12
1 3 110
1 4 75
1 5 33
1 6 16
1 7 58
1 8 98
1 9 16
1 10 90
1 11 51
1 12 30
1 13 94
1 14 84
1 15 83
1 16 108
1 17 116
1 18 32
1 19 79
1 20 115
1 21 67
1 22 34
1 23 23
1 24 34
1 25 74
1 26 47
1 27 67
1 28 83
1 29 79
1 30 33
1 31 45
1 32 79
1 33 64
1 34 52
1 35 77
1 36 65
1 37 15
1 38 57
1 39 107
1 40 22
1 41 82
1 42 32
1 43 116
1 44 72
1 45 111
1 46 106
1 47 16
1 48 58
1 49 85
1 50 73
1 51 41
1 52 85
1 53 99
1 54 87
1 55 47
1 56 73
1 57 54
1 58 89
1 59 62
2 0 63
2 1 64
2 2 27
2 3 70
2 4 35
2 5 33
2 6 56
2 7 54
2 8 94
2 9 23
2 10 55
2 11 13
2 12 34
2 13 54
2 14 48
2 15 43
2 16 104
2 17 75
2 18 73
2 19 39
2 20 75
2 21 27
2 22 58
2 23 16
2 24 6
2 25 70
2 26 43
2 27 27
2 28 42
2 29 39
2 30 53
2 31 29
2 32 75
2 33 62
2 34 12
2 35 37
2 36 60
2 37 41
2 38 61
2 39 67
2 40 17
2 41 42
2 42 37
2 43 76
2 44 67
2 45 107
2 46 65
2 47 38
2 48 18
2 49 44
2 50 50
2 51 37
2 52 81
2 53 95
2 54 47
2 55 43
2 56 77
2 57 54
2 58 85
2 59 58
3 0 10
3 1 108
3 2 102
3 3 4
3 4 87
3 5 86
3 6 131
3 7 56
3 8 42
3 9 98
3 10 24
3 11 63
3 12 86
3 13 27
3 14 30
3 15 41
3 16 61
3 17 34
3 18 147
3 19 71
3 20 57
3 21 53
3 22 133
3 23 91
3 24 80
3 25 62
3 26 100
3 27 47
3 28 61
3 29 85
3 30 128
3 31 69
3 32 41
3 33 115
3 34 64
3 35 37
3 36 70
3 37 116
3 38 113
3 39 69
3 40 92
3 41 72
3 42 89
3 43 48
3 44 73
3 45 58
3 46 8
3 47 113
3 48 66
3 49 51
3 50 41
3 51 78
3 52 77
3 53 73
3 54 98
3 55 80
3 56 129
3 57 107
3 58 70
3 59 92
4 0 41
4 1 55
4 2 74
4 3 48
4 4 110
4 5 109
4 6 81
4 7 20
4 8 19
4 9 92
4 10 28
4 11 61
4 12 109
4 13 50
4 14 26
4 15 64
4 16 28
4 17 57
4 18 95
4 19 94
4 20 80
4 21 76
4 22 80
4 23 82
4 24 81
4 25 9
4 26 47
4 27 48
4 28 84
4 29 108
4 30 75
4 31 45
4 32 11
4 33 138
4 34 87
4 35 51
4 36 17
4 37 63
4 38 136
4 39 92
4 40 90
4 41 95
4 42 112
4 43 71
4 44 20
4 45 31
4 46 43
4 47 96
4 48 89
4 49 74
4 50 24
4 51 38
4 52 24
4 53 20
4 54 121
4 55 31
4 56 152
4 57 130
4 58 17
4 59 39
5 0 121
5 1 55
5 2 30
5 3 128
5 4 92
5 5 51
5 6 14
5 7 76
5 8 91
5 9 34
5 10 108
5 11 68
5 12 47
5 13 112
5 14 102
5 15 101
5 16 95
5 17 133
5 18 19
5 19 97
5 20 133
5 21 85
5 22 21
5 23 41
5 24 51
5 25 70
5 26 34
5 27 85
5 28 100
5 29 97
5 30 20
5 31 63
5 32 91
5 33 81
5 34 70
5 35 95
5 36 62
5 37 15
5 38 70
5 39 125
5 40 40
5 41 99
5 42 45
5 43 134
5 44 59
5 45 98
5 46 123
5 47 29
5 48 76
5 49 102
5 50 91
5 51 54
5 52 72
5 53 86
5 54 105
5 55 52
5 56 86
5 57 72
5 58 76
5 59 49
6 0 31
6 1 66
6 2 66
6 3 37
6 4 102
6 5 100
6 6 89
6 7 14
6 8 27
6 9 83
6 10 17
6 11 53
6 12 101
6 13 41
6 14 18
6 15 56
6 16 36
6 17 49
6 18 105
6 19 85
6 20 71
6 21 68
6 22 91
6 23 73
6 24 73
6 25 20
6 26 58
6 27 39
6 28 76
6 29 99
6 30 86
6 31 37
6 32 8
6 33 129
6 34 79
6 35 42
6 36 28
6 37 74
6 38 128
6 39 84
6 40 81
6 41 87
6 42 104
6 43 63
6 44 31
6 45 40
6 46 33
6 47 87
6 48 81
6 49 66
6 50 16
6 51 36
6 52 35
6 53 30
6 54 112
6 55 38
6 56 144
6 57 121
6 58 28
6 59 49
7 0 31
7 1 76
7 2 70
7 3 37
7 4 47
7 5 49
7 6 99
7 7 41
7 8 81
7 9 66
7 10 43
7 11 31
7 12 53
7 13 12
7 14 35
7 15 2
7 16 91
7 17 33
7 18 115
7 19 31
7 20 32
7 21 15
7 22 101
7 23 59
7 24 48
7 25 57
7 26 68
7 27 15
7 28 22
7 29 45
7 30 96
7 31 37
7 32 62
7 33 75
7 34 30
7 35 11
7 36 48
7 37 84
7 38 74
7 39 29
7 40 60
7 41 32
7 42 56
7 43 34
7 44 55
7 45 94
7 46 33
7 47 80
7 48 26
7 49 11
7 50 37
7 51 46
7 52 68
7 53 82
7 54 58
7 55 48
7 56 90
7 57 67
7 58 72
7 59 59
8 0 64
8 1 96
8 2 90
8 3 70
8 4 27
8 5 69
8 6 119
8 7 74
8 8 114
8 9 86
8 10 76
8 11 51
8 12 73
8 13 45
8 14 68
8 15 30
8 16 124
8 17 38
8 18 135
8 19 22
8 20 15
8 21 34
8 22 120
8 23 79
8 24 68
8 25 90
8 26 88
8 27 47
8 28 19
8 29 23
8 30 115
8 31 57
8 32 95
8 33 42
8 34 50
8 35 44
8 36 81
8 37 104
8 38 62
8 39 5
8 40 79
8 41 20
8 42 76
8 43 24
8 44 88
8 45 127
8 46 66
8 47 100
8 48 44
8 49 21
8 50 70
8 51 66
8 52 101
8 53 115
8 54 25
8 55 68
8 56 57
8 57 48
8 58 105
8 59 79
9 0 39
9 1 58
9 2 52
9 3 46
9 4 76
9 5 75
9 6 81
9 7 12
9 8 52
9 9 58
9 10 25
9 11 28
9 12 76
9 13 29
9 14 19
9 15 31
9 16 62
9 17 51
9 18 97
9 19 60
9 20 50
9 21 43
9 22 82
9 23 48
9 24 48
9 25 28
9 26 50
9 27 14
9 28 51
9 29 74
9 30 77
9 31 19
9 32 33
9 33 104
9 34 54
9 35 17
9 36 20
9 37 66
9 38 103
9 39 58
9 40 56
9 41 62
9 42 79
9 43 52
9 44 26
9 45 65
9 46 41
9 47 62
9 48 55
9 49 41
9 50 8
9 51 28
9 52 39
9 53 53
9 54 87
9 55 30
9 56 119
9 57 96
9 58 43
9 59 41
10 0 23
10 1 121
10 2 115
10 3 22
10 4 63
10 5 94
10 6 144
10 7 69
10 8 66
10 9 111
10 10 37
10 11 76
10 12 98
10 13 33
10 14 43
10 15 44
10 16 75
10 17 11
10 18 160
10 19 48
10 20 33
10 21 60
10 22 146
10 23 104
10 24 93
10 25 75
10 26 113
10 27 60
10 28 44
10 29 60
10 30 141
10 31 82
10 32 54
10 33 91
10 34 75
10 35 50
10 36 83
10 37 129
10 38 89
10 39 45
10 40 105
10 41 48
10 42 101
10 43 24
10 44 86
10 45 79
10 46 21
10 47 125
10 48 69
10 49 42
10 50 54
10 51 91
10 52 90
10 53 85
10 54 74
10 55 93
10 56 105
10 57 82
10 58 83
10 59 105
11 0 35
11 1 85
11 2 79
11 3 29
11 4 114
11 5 113
11 6 107
11 7 33
11 8 17
11 9 96
11 10 23
11 11 66
11 12 113
11 13 54
11 14 31
11 15 69
11 16 37
11 17 61
11 18 124
11 19 98
11 20 84
11 21 81
11 22 109
11 23 86
11 24 86
11 25 39
11 26 76
11 27 52
11 28 89
11 29 112
11 30 104
11 31 50
11 32 17
11 33 142
11 34 92
11 35 55
11 36 47
11 37 93
11 38 141
11 39 96
11 40 94
11 41 99
11 42 116
11 43 75
11 44 50
11 45 35
11 46 33
11 47 100
11 48 93
11 49 78
11 50 29
11 51 55
11 52 53
11 53 49
11 54 125
11 55 56
11 56 157
11 57 134
11 58 47
11 59 68
12 0 14
12 1 91
12 2 85
12 3 20
12 4 65
12 5 64
12 6 113
12 7 39
12 8 64
12 9 81
12 10 25
12 11 46
12 12 68
12 13 5
12 14 18
12 15 19
12 16 73
12 17 18
12 18 130
12 19 49
12 20 35
12 21 31
12 22 115
12 23 73
12 24 63
12 25 45
12 26 82
12 27 30
12 28 39
12 29 63
12 30 110
12 31 52
12 32 45
12 33 93
12 34 44
12 35 19
12 36 53
12 37 99
12 38 91
12 39 47
12 40 74
12 41 50
12 42 70
12 43 26
12 44 56
12 45 76
12 46 15
12 47 95
12 48 44
12 49 29
12 50 23
12 51 61
12 52 59
12 53 64
12 54 76
12 55 63
12 56 107
12 57 85
12 58 54
12 59 74
13 0 73
13 1 64
13 2 17
13 3 80
13 4 45
13 5 32
13 6 46
13 7 55
13 8 95
13 9 15
13 10 60
13 11 21
13 12 33
13 13 64
13 14 54
13 15 53
13 16 104
13 17 85
13 18 63
13 19 49
13 20 85
13 21 37
13 22 48
13 23 6
13 24 5
13 25 71
13 26 44
13 27 37
13 28 53
13 29 49
13 30 43
13 31 30
13 32 76
13 33 61
13 34 22
13 35 47
13 36 61
13 37 31
13 38 60
13 39 77
13 40 13
13 41 52
13 42 36
13 43 86
13 44 68
13 45 108
13 46 75
13 47 28
13 48 28
13 49 55
13 50 51
13 51 38
13 52 82
13 53 96
13 54 57
13 55 44
13 56 76
13 57 53
13 58 86
13 59 59
14 0 103
14 1 18
14 2 44
14 3 109
14 4 80
14 5 79
14 6 51
14 7 57
14 8 72
14 9 62
14 10 89
14 11 50
14 12 79
14 13 93
14 14 83
14 15 82
14 16 58
14 17 115
14 18 33
14 19 78
14 20 114
14 21 66
14 22 19
14 23 52
14 24 51
14 25 51
14 26 13
14 27 66
14 28 82
14 29 78
14 30 16
14 31 44
14 32 72
14 33 107
14 34 57
14 35 76
14 36 43
14 37 33
14 38 106
14 39 107
14 40 59
14 41 81
14 42 82
14 43 116
14 44 40
14 45 62
14 46 105
14 47 65
14 48 59
14 49 84
14 50 72
14 51 35
14 52 36
14 53 50
14 54 91
14 55 33
14 56 122
14 57 99
14 58 43
14 59 22
15 0 144
15 1 46
15 2 52
15 3 150
15 4 115
15 5 73
15 6 26
15 7 98
15 8 113
15 9 56
15 10 130
15 11 91
15 12 69
15 13 134
15 14 124
15 15 123
15 16 93
15 17 155
15 18 7
15 19 119
15 20 155
15 21 107
15 22 21
15 23 63
15 24 74
15 25 92
15 26 54
15 27 107
15 28 123
15 29 119
15 30 26
15 31 85
15 32 113
15 33 104
15 34 92
15 35 117
15 36 84
15 37 38
15 38 82
15 39 147
15 40 62
15 41 122
15 42 66
15 43 156
15 44 81
15 45 96
15 46 145
15 47 41
15 48 98
15 49 125
15 50 113
15 51 76
15 52 77
15 53 81
15 54 127
15 55 74
15 56 98
15 57 94
15 58 84
15 59 62
16 0 34
16 1 62
16 2 56
16 3 41
16 4 92
16 5 91
16 6 85
16 7 10
16 8 36
16 9 74
16 10 21
16 11 44
16 12 92
16 13 32
16 14 15
16 15 47
16 16 46
16 17 46
16 18 102
16 19 76
16 20 62
16 21 59
16 22 87
16 23 64
16 24 64
16 25 17
16 26 54
16 27 30
16 28 67
16 29 90
16 30 82
16 31 28
16 32 17
16 33 120
16 34 70
16 35 33
16 36 24
16 37 71
16 38 119
16 39 74
16 40 72
16 41 78
16 42 94
16 43 53
16 44 27
16 45 49
16 46 36
16 47 78
16 48 71
16 49 56
16 50 7
16 51 32
16 52 31
16 53 37
16 54 103
16 55 34
16 56 135
16 57 112
16 58 27
16 59 46
17 0 14
17 1 83
17 2 77
17 3 21
17 4 83
17 5 82
17 6 105
17 7 31
17 8 45
17 9 73
17 10 7
17 11 38
17 12 83
17 13 23
17 14 4
17 15 38
17 16 55
17 17 30
17 18 122
17 19 67
17 20 53
17 21 50
17 22 107
17 23 65
17 24 55
17 25 37
17 26 74
17 27 22
17 28 58
17 29 81
17 30 102
17 31 44
17 32 26
17 33 111
17 34 61
17 35 24
17 36 45
17 37 91
17 38 110
17 39 65
17 40 66
17 41 69
17 42 85
17 43 44
17 44 48
17 45 58
17 46 16
17 47 87
17 48 62
17 49 47
17 50 15
17 51 53
17 52 51
17 53 47
17 54 94
17 55 54
17 56 126
17 57 103
17 58 45
17 59 66
18 0 92
18 1 8
18 2 72
18 3 98
18 4 107
18 5 106
18 6 78
18 7 46
18 8 61
18 9 89
18 10 78
18 11 59
18 12 107
18 13 82
18 14 72
18 15 71
18 16 41
18 17 103
18 18 44
18 19 91
18 20 103
18 21 74
18 22 42
18 23 79
18 24 79
18 25 40
18 26 29
18 27 55
18 28 82
18 29 105
18 30 43
18 31 43
18 32 61
18 33 135
18 34 85
18 35 65
18 36 32
18 37 61
18 38 134
18 39 95
18 40 87
18 41 93
18 42 110
18 43 104
18 44 29
18 45 44
18 46 94
18 47 93
18 48 86
18 49 73
18 50 61
18 51 35
18 52 25
18 53 29
18 54 118
18 55 29
18 56 150
18 57 127
18 58 32
18 59 14
19 0 44
19 1 69
19 2 88
19 3 38
19 4 123
19 5 122
19 6 94
19 7 34
19 8 5
19 9 105
19 10 33
19 11 75
19 12 123
19 13 63
19 14 40
19 15 78
19 16 22
19 17 70
19 18 109
19 19 107
19 20 93
19 21 90
19 22 94
19 23 95
19 24 95
19 25 23
19 26 61
19 27 61
19 28 98
19 29 121
19 30 89
19 31 59
19 32 13
19 33 151
19 34 101
19 35 64
19 36 31
19 37 77
19 38 150
19 39 105
19 40 103
19 41 109
19 42 126
19 43 85
19 44 34
19 45 20
19 46 42
19 47 109
19 48 102
19 49 88
19 50 38
19 51 51
19 52 38
19 53 34
19 54 134
19 55 45
19 56 166
19 57 143
19 58 31
19 59 53
20 0 32
20 1 116
20 2 110
20 3 38
20 4 47
20 5 89
20 6 139
20 7 64
20 8 82
20 9 106
20 10 43
20 11 71
20 12 93
20 13 28
20 14 38
20 15 39
20 16 91
20 17 6
20 18 155
20 19 43
20 20 17
20 21 55
20 22 141
20 23 99
20 24 88
20 25 70
20 26 108
20 27 55
20 28 39
20 29 45
20 30 136
20 31 77
20 32 63
20 33 75
20 34 70
20 35 45
20 36 78
20 37 124
20 38 83
20 39 29
20 40 100
20 41 40
20 42 96
20 43 8
20 44 81
20 45 95
20 46 33
20 47 120
20 48 64
20 49 37
20 50 49
20 51 86
20 52 85
20 53 83
20 54 58
20 55 88
20 56 89
20 57 68
20 58 78
20 59 99
21 0 35
21 1 88
21 2 82
21 3 41
21 4 43
21 5 61
21 6 111
21 7 46
21 8 85
21 9 78
21 10 47
21 11 43
21 12 65
21 13 16
21 14 39
21 15 11
21 16 95
21 17 21
21 18 127
21 19 27
21 20 20
21 21 27
21 22 112
21 23 71
21 24 60
21 25 61
21 26 80
21 27 27
21 28 18
21 29 41
21 30 108
21 31 49
21 32 66
21 33 71
21 34 42
21 35 17
21 36 52
21 37 96
21 38 70
21 39 25
21 40 72
21 41 28
21 42 68
21 43 22
21 44 59
21 45 98
21 46 37
21 47 92
21 48 36
21 49 9
21 50 41
21 51 58
21 52 72
21 53 86
21 54 54
21 55 60
21 56 85
21 57 63
21 58 76
21 59 71
22 0 42
22 1 78
22 2 72
22 3 48
22 4 37
22 5 51
22 6 101
22 7 52
22 8 92
22 9 68
22 10 53
22 11 33
22 12 55
22 13 23
22 14 46
22 15 8
22 16 102
22 17 30
22 18 117
22 19 20
22 20 30
22 21 17
22 22 103
22 23 61
22 24 50
22 25 68
22 26 70
22 27 25
22 28 11
22 29 34
22 30 98
22 31 39
22 32 73
22 33 64
22 34 32
22 35 22
22 36 58
22 37 86
22 38 63
22 39 22
22 40 62
22 41 22
22 42 58
22 43 31
22 44 65
22 45 105
22 46 44
22 47 83
22 48 26
22 49 1
22 50 48
22 51 48
22 52 79
22 53 93
22 54 47
22 55 50
22 56 79
22 57 56
22 58 83
22 59 62
23 0 4
23 1 96
23 2 90
23 3 8
23 4 84
23 5 83
23 6 119
23 7 44
23 8 45
23 9 86
23 10 12
23 11 51
23 12 83
23 13 24
23 14 18
23 15 38
23 16 54
23 17 31
23 18 135
23 19 68
23 20 54
23 21 50
23 22 120
23 23 79
23 24 68
23 25 50
23 26 88
23 27 35
23 28 58
23 29 82
23 30 115
23 31 57
23 32 28
23 33 112
23 34 61
23 35 25
23 36 58
23 37 104
23 38 110
23 39 66
23 40 80
23 41 69
23 42 86
23 43 45
23 44 61
23 45 58
23 46 3
23 47 100
23 48 63
23 49 48
23 50 29
23 51 66
23 52 65
23 53 60
23 54 95
23 55 68
23 56 126
23 57 104
23 58 58
23 59 79
24 0 55
24 1 107
24 2 101
24 3 61
24 4 38
24 5 80
24 6 130
24 7 65
24 8 105
24 9 97
24 10 66
24 11 62
24 12 84
24 13 36
24 14 59
24 15 30
24 16 115
24 17 29
24 18 146
24 19 34
24 20 6
24 21 46
24 22 132
24 23 90
24 24 79
24 25 81
24 26 99
24 27 46
24 28 30
24 29 34
24 30 127
24 31 68
24 32 86
24 33 51
24 34 61
24 35 36
24 36 71
24 37 115
24 38 74
24 39 5
24 40 91
24 41 31
24 42 87
24 43 14
24 44 79
24 45 118
24 46 57
24 47 111
24 48 55
24 49 28
24 50 61
24 51 77
24 52 92
24 53 106
24 54 34
24 55 79
24 56 66
24 57 59
24 58 96
24 59 90
25 0 60
25 1 97
25 2 90
25 3 66
25 4 28
25 5 69
25 6 119
25 7 70
25 8 110
25 9 87
25 10 72
25 11 52
25 12 74
25 13 41
25 14 64
25 15 26
25 16 120
25 17 34
25 18 136
25 19 23
25 20 11
25 21 35
25 22 121
25 23 79
25 24 69
25 25 86
25 26 88
25 27 43
25 28 20
25 29 23
25 30 116
25 31 58
25 32 91
25 33 46
25 34 50
25 35 40
25 36 77
25 37 105
25 38 63
25 39 4
25 40 80
25 41 21
25 42 76
25 43 20
25 44 84
25 45 123
25 46 62
25 47 101
25 48 44
25 49 18
25 50 66
25 51 66
25 52 97
25 53 111
25 54 29
25 55 68
25 56 61
25 57 49
25 58 101
25 59 80
26 0 79
26 1 98
26 2 88
26 3 85
26 4 26
26 5 67
26 6 117
26 7 89
26 8 129
26 9 84
26 10 90
26 11 50
26 12 71
26 13 59
26 14 83
26 15 45
26 16 138
26 17 52
26 18 134
26 19 21
26 20 29
26 21 33
26 22 119
26 23 77
26 24 67
26 25 104
26 26 86
26 27 61
26 28 25
26 29 21
26 30 114
26 31 64
26 32 110
26 33 36
26 34 48
26 35 58
26 36 95
26 37 102
26 38 61
26 39 17
26 40 78
26 41 18
26 42 74
26 43 38
26 44 102
26 45 141
26 46 80
26 47 99
26 48 42
26 49 35
26 50 85
26 51 71
26 52 115
26 53 129
26 54 13
26 55 78
26 56 49
26 57 46
26 58 119
26 59 92
27 0 88
27 1 107
27 2 66
27 3 94
27 4 8
27 5 45
27 6 95
27 7 98
27 8 138
27 9 62
27 10 99
27 11 57
27 12 49
27 13 68
27 14 92
27 15 54
27 16 147
27 17 61
27 18 111
27 19 25
27 20 38
27 21 42
27 22 97
27 23 55
27 24 44
27 25 114
27 26 87
27 27 71
27 28 34
27 29 11
27 30 92
27 31 73
27 32 119
27 33 18
27 34 31
27 35 68
27 36 104
27 37 80
27 38 39
27 39 29
27 40 56
27 41 23
27 42 52
27 43 47
27 44 111
27 45 151
27 46 90
27 47 76
27 48 29
27 49 44
27 50 94
27 51 81
27 52 125
27 53 139
27 54 8
27 55 87
27 56 33
27 57 24
27 58 129
27 59 102
28 0 87
28 1 103
28 2 40
28 3 94
28 4 58
28 5 16
28 6 34
28 7 94
28 8 134
28 9 23
28 10 95
28 11 53
28 12 12
28 13 77
28 14 88
28 15 66
28 16 143
28 17 99
28 18 68
28 19 63
28 20 98
28 21 51
28 22 70
28 23 32
28 24 33
28 25 110
28 26 83
28 27 67
28 28 66
28 29 62
28 30 68
28 31 69
28 32 115
28 33 47
28 34 35
28 35 64
28 36 100
28 37 51
28 38 23
28 39 91
28 40 25
28 41 65
28 42 9
28 43 100
28 44 107
28 45 147
28 46 89
28 47 19
28 48 41
28 49 68
28 50 90
28 51 77
28 52 121
28 53 135
28 54 70
28 55 83
28 56 37
28 57 37
28 58 125
28 59 98
29 0 47
29 1 75
29 2 69
29 3 53
29 4 32
29 5 48
29 6 98
29 7 57
29 8 97
29 9 65
29 10 58
29 11 31
29 12 52
29 13 27
29 14 51
29 15 13
29 16 106
29 17 33
29 18 115
29 19 16
29 20 33
29 21 14
29 22 100
29 23 58
29 24 47
29 25 73
29 26 67
29 27 30
29 28 6
29 29 29
29 30 95
29 31 36
29 32 78
29 33 59
29 34 29
29 35 27
29 36 63
29 37 83
29 38 58
29 39 25
29 40 59
29 41 17
29 42 55
29 43 34
29 44 70
29 45 110
29 46 49
29 47 80
29 48 23
29 49 3
29 50 53
29 51 45
29 52 84
29 53 98
29 54 43
29 55 47
29 56 74
29 57 51
29 58 88
29 59 61
30 0 56
30 1 40
30 2 58
30 3 63
30 4 94
30 5 93
30 6 65
30 7 11
30 8 34
30 9 76
30 10 43
30 11 46
30 12 94
30 13 47
30 14 37
30 15 49
30 16 44
30 17 68
30 18 80
30 19 78
30 20 68
30 21 61
30 22 65
30 23 66
30 24 66
30 25 10
30 26 32
30 27 32
30 28 69
30 29 92
30 30 60
30 31 30
30 32 26
30 33 122
30 34 72
30 35 35
30 36 2
30 37 48
30 38 121
30 39 76
30 40 74
30 41 80
30 42 96
30 43 69
30 44 8
30 45 47
30 46 58
30 47 80
30 48 73
30 49 58
30 50 26
30 51 22
30 52 21
30 53 35
30 54 105
30 55 15
30 56 137
30 57 114
30 58 25
30 59 24
31 0 55
31 1 74
31 2 44
31 3 61
31 4 24
31 5 23
31 6 73
31 7 65
31 8 105
31 9 40
31 10 66
31 11 24
31 12 27
31 13 37
31 14 59
31 15 26
31 16 114
31 17 59
31 18 89
31 19 22
31 20 58
31 21 10
31 22 75
31 23 33
31 24 22
31 25 81
31 26 54
31 27 38
31 28 26
31 29 22
31 30 70
31 31 40
31 32 86
31 33 51
31 34 4
31 35 35
31 36 71
31 37 58
31 38 50
31 39 51
31 40 34
31 41 25
31 42 30
31 43 59
31 44 78
31 45 118
31 46 57
31 47 54
31 48 3
31 49 28
31 50 61
31 51 48
31 52 92
31 53 106
31 54 34
31 55 54
31 56 66
31 57 43
31 58 96
31 59 69
32 0 133
32 1 37
32 2 42
32 3 140
32 4 104
32 5 63
32 6 32
32 7 88
32 8 103
32 9 46
32 10 120
32 11 80
32 12 61
32 13 124
32 14 114
32 15 113
32 16 83
32 17 145
32 18 3
32 19 109
32 20 145
32 21 97
32 22 11
32 23 53
32 24 63
32 25 81
32 26 44
32 27 97
32 28 112
32 29 109
32 30 16
32 31 74
32 32 103
32 33 93
32 34 82
32 35 107
32 36 74
32 37 27
32 38 88
32 39 137
32 40 52
32 41 111
32 42 63
32 43 146
32 44 71
32 45 85
32 46 135
32 47 47
32 48 88
32 49 114
32 50 103
32 51 66
32 52 67
32 53 71
32 54 117
32 55 64
32 56 104
32 57 84
32 58 74
32 59 52
33 0 62
33 1 75
33 2 29
33 3 68
33 4 33
33 5 22
33 6 58
33 7 66
33 8 106
33 9 25
33 10 67
33 11 25
33 12 22
33 13 52
33 14 60
33 15 41
33 16 115
33 17 74
33 18 74
33 19 37
33 20 73
33 21 25
33 22 60
33 23 18
33 24 7
33 25 81
33 26 55
33 27 38
33 28 41
33 29 37
33 30 55
33 31 41
33 32 87
33 33 51
33 34 10
33 35 36
33 36 72
33 37 43
33 38 49
33 39 65
33 40 19
33 41 40
33 42 25
33 43 74
33 44 79
33 45 119
33 46 64
33 47 39
33 48 16
33 49 43
33 50 62
33 51 48
33 52 92
33 53 107
33 54 45
33 55 55
33 56 65
33 57 43
33 58 96
33 59 69
34 0 53
34 1 44
34 2 47
34 3 60
34 4 83
34 5 82
34 6 66
34 7 7
34 8 45
34 9 65
34 10 39
34 11 35
34 12 83
34 13 43
34 14 34
34 15 38
34 16 55
34 17 65
34 18 83
34 19 67
34 20 64
34 21 50
34 22 68
34 23 55
34 24 55
34 25 21
34 26 35
34 27 21
34 28 58
34 29 81
34 30 63
34 31 19
34 32 26
34 33 111
34 34 61
34 35 27
34 36 12
34 37 52
34 38 110
34 39 65
34 40 63
34 41 69
34 42 86
34 43 66
34 44 19
34 45 58
34 46 55
34 47 69
34 48 62
34 49 48
34 50 23
34 51 14
34 52 32
34 53 46
34 54 94
34 55 15
34 56 126
34 57 103
34 58 36
34 59 27
35 0 20
35 1 117
35 2 111
35 3 16
35 4 68
35 5 90
35 6 140
35 7 65
35 8 60
35 9 107
35 10 33
35 11 73
35 12 94
35 13 29
35 14 39
35 15 40
35 16 70
35 17 15
35 18 157
35 19 52
35 20 38
35 21 56
35 22 142
35 23 100
35 24 90
35 25 72
35 26 109
35 27 56
35 28 43
35 29 66
35 30 137
35 31 79
35 32 50
35 33 96
35 34 71
35 35 46
35 36 79
35 37 126
35 38 95
35 39 50
35 40 101
35 41 54
35 42 97
35 43 29
35 44 82
35 45 73
35 46 18
35 47 122
35 48 65
35 49 39
35 50 50
35 51 87
35 52 86
35 53 82
35 54 79
35 55 89
35 56 111
35 57 88
35 58 79
35 59 101
36 0 55
36 1 55
36 2 99
36 3 49
36 4 135
36 5 134
36 6 106
36 7 45
36 8 11
36 9 117
36 10 44
36 11 86
36 12 134
36 13 75
36 14 51
36 15 89
36 16 8
36 17 82
36 18 95
36 19 119
36 20 105
36 21 101
36 22 80
36 23 107
36 24 106
36 25 30
36 26 56
36 27 73
36 28 109
36 29 133
36 30 75
36 31 70
36 32 24
36 33 163
36 34 112
36 35 75
36 36 39
36 37 88
36 38 161
36 39 117
36 40 115
36 41 120
36 42 137
36 43 96
36 44 32
36 45 7
36 46 54
36 47 121
36 48 114
36 49 99
36 50 49
36 51 63
36 52 24
36 53 20
36 54 146
36 55 56
36 56 177
36 57 155
36 58 17
36 59 42
37 0 54
37 1 47
37 2 37
37 3 60
37 4 51
37 5 50
37 6 66
37 7 38
37 8 78
37 9 33
37 10 40
37 11 2
37 12 50
37 13 44
37 14 34
37 15 33
37 16 87
37 17 65
37 18 82
37 19 35
37 20 65
37 21 17
37 22 68
37 23 26
37 24 22
37 25 53
37 26 35
37 27 17
37 28 33
37 29 48
37 30 63
37 31 13
37 32 59
37 33 79
37 34 28
37 35 27
37 36 44
37 37 51
37 38 77
37 39 57
37 40 31
37 41 36
37 42 53
37 43 66
37 44 51
37 45 91
37 46 56
37 47 48
37 48 30
37 49 35
37 50 34
37 51 20
37 52 64
37 53 79
37 54 62
37 55 27
37 56 93
37 57 71
37 58 68
37 59 41
38 0 77
38 1 96
38 2 62
38 3 83
38 4 2
38 5 41
38 6 91
38 7 87
38 8 127
38 9 59
38 10 88
38 11 46
38 12 46
38 13 57
38 14 81
38 15 43
38 16 136
38 17 50
38 18 108
38 19 13
38 20 39
38 21 31
38 22 93
38 23 51
38 24 41
38 25 102
38 26 76
38 27 60
38 28 23
38 29 4
38 30 88
38 31 62
38 32 108
38 33 29
38 34 22
38 35 57
38 36 93
38 37 77
38 38 35
38 39 32
38 40 52
38 41 12
38 42 48
38 43 41
38 44 100
38 45 140
38 46 79
38 47 73
38 48 18
38 49 33
38 50 83
38 51 69
38 52 114
38 53 128
38 54 13
38 55 76
38 56 44
38 57 21
38 58 118
38 59 91
39 0 117
39 1 31
39 2 31
39 3 124
39 4 88
39 5 66
39 6 37
39 7 71
39 8 87
39 9 48
39 10 103
39 11 64
39 12 66
39 13 108
39 14 98
39 15 97
39 16 71
39 17 129
39 18 19
39 19 93
39 20 128
39 21 81
39 22 4
39 23 39
39 24 47
39 25 65
39 26 28
39 27 81
39 28 96
39 29 93
39 30 3
39 31 58
39 32 87
39 33 94
39 34 66
39 35 91
39 36 57
39 37 20
39 38 93
39 39 121
39 40 46
39 41 95
39 42 69
39 43 130
39 44 54
39 45 75
39 46 119
39 47 52
39 48 72
39 49 98
39 50 87
39 51 50
39 52 51
39 53 63
39 54 101
39 55 48
39 56 109
39 57 86
39 58 57
39 59 36

p_i (production capacity of plants I):
99 89 98 80 90 92 87 82 88 89 85 93 91 93 81 99 80 95 85 86

q_j (supply capacity of distribution centers C):
0 123
1 237
2 368
3 184
4 491
5 477
6 371
7 199
8 255
9 355
10 339
11 214
12 244
13 370
14 147
15 152
16 326
17 413
18 379
19 385
20 243
21 199
22 366
23 134
24 425
25 300
26 308
27 329
28 156
29 130
30 391
31 321
32 489
33 434
34 323
35 364
36 282
37 178
38 352
39 168

c_j (activation cost of distribution centers C):
0 1061
1 1118
2 1184
3 1092
4 1245
5 1238
6 1185
7 1099
8 1127
9 1177
10 1169
11 1107
12 1122
13 1185
14 1073
15 1076
16 1163
17 1206
18 1189
19 1192
20 1121
21 1099
22 1183
23 1067
24 1212
25 1150
26 1154
27 1164
28 1078
29 1065
30 1195
31 1160
32 1244
33 1217
34 1161
35 1182
36 1141
37 1089
38 1176
39 1084

d_r (demand of regional centers R):
0 17
1 18
2 20
3 7
4 20
5 18
6 9
7 30
8 6
9 5
10 31
11 25
12 40
13 6
14 7
15 20
16 32
17 23
18 16
19 24
20 12
21 23
22 25
23 18
24 37
25 6
26 28
27 14
28 34
29 19
30 31
31 19
32 37
33 32
34 30
35 40
36 17
37 29
38 9
39 36
40 7
41 23
42 13
43 35
44 11
45 13
46 12
47 34
48 27
49 40
50 6
51 33
52 38
53 27
54 23
55 28
56 18
57 29
58 8
59 11

N_c (set of plants that can serve each distribution center j):
0: [0, 1, 2, 3, 4, 5, 6, 7, 8, 9, 10, 11, 12, 13, 14, 15, 16, 17, 18, 19]
1: [0, 1, 2, 3, 4, 5, 6, 7, 8, 9, 10, 11, 12, 13, 14, 15, 16, 17, 18, 19]
2: [0, 1, 2, 3, 4, 5, 6, 7, 8, 9, 10, 11, 12, 13, 14, 15, 16, 17, 18, 19]
3: [0, 1, 2, 3, 4, 5, 6, 7, 8, 9, 10, 11, 12, 13, 14, 15, 16, 17, 18, 19]
4: [0, 1, 2, 3, 4, 5, 6, 7, 8, 9, 10, 11, 13, 14, 15, 16, 17, 18, 19]
5: [1, 2, 3, 4, 5, 7, 8, 9, 10, 11, 12, 13, 14, 15, 16, 17, 18, 19]
6: [0, 1, 2, 3, 4, 5, 6, 7, 8, 9, 10, 11, 12, 13, 14, 15, 16, 17, 18, 19]
7: [0, 1, 2, 3, 4, 5, 6, 7, 8, 9, 10, 11, 12, 13, 14, 15, 16, 17, 18, 19]
8: [0, 1, 2, 3, 4, 5, 6, 7, 8, 9, 10, 11, 12, 13, 14, 15, 16, 17, 18, 19]
9: [0, 1, 2, 3, 4, 5, 6, 7, 8, 9, 10, 11, 12, 13, 14, 15, 16, 17, 18, 19]
10: [0, 1, 2, 3, 4, 5, 6, 7, 8, 9, 10, 11, 12, 13, 14, 15, 16, 17, 18, 19]
11: [0, 1, 2, 3, 4, 5, 6, 7, 8, 9, 10, 11, 13, 14, 15, 16, 17, 18, 19]
12: [0, 1, 2, 3, 4, 5, 6, 7, 8, 9, 10, 11, 12, 13, 14, 15, 16, 17, 18, 19]
13: [0, 1, 2, 3, 4, 5, 6, 7, 8, 9, 10, 11, 12, 13, 14, 15, 16, 17, 18, 19]
14: [0, 1, 2, 3, 4, 5, 6, 7, 8, 9, 10, 11, 12, 13, 14, 15, 16, 17, 18, 19]
15: [1, 2, 3, 4, 5, 7, 8, 9, 10, 11, 12, 13, 14, 15, 16, 17, 18, 19]
16: [0, 1, 2, 3, 4, 5, 6, 7, 8, 9, 10, 11, 12, 13, 14, 15, 16, 17, 18, 19]
17: [0, 1, 2, 3, 4, 5, 6, 7, 8, 9, 10, 11, 12, 13, 14, 15, 16, 17, 18, 19]
18: [0, 1, 2, 3, 4, 5, 6, 7, 8, 9, 10, 11, 12, 13, 14, 15, 16, 17, 18, 19]
19: [0, 1, 2, 3, 4, 5, 6, 7, 8, 9, 10, 11, 13, 14, 15, 16, 17, 18, 19]
20: [0, 1, 2, 3, 4, 5, 6, 7, 8, 9, 10, 11, 12, 13, 14, 15, 16, 17, 18, 19]
21: [0, 1, 2, 3, 4, 5, 6, 7, 8, 9, 10, 11, 12, 13, 14, 15, 16, 17, 18, 19]
22: [0, 1, 2, 3, 4, 5, 6, 7, 8, 9, 10, 11, 12, 13, 14, 15, 16, 17, 18, 19]
23: [0, 1, 2, 3, 4, 5, 6, 7, 8, 9, 10, 11, 12, 13, 14, 15, 16, 17, 18, 19]
24: [0, 1, 2, 3, 4, 5, 6, 7, 8, 9, 10, 11, 12, 13, 14, 15, 16, 17, 18, 19]
25: [0, 1, 2, 3, 4, 5, 6, 7, 8, 9, 10, 11, 12, 13, 14, 15, 16, 17, 18, 19]
26: [0, 1, 2, 3, 4, 5, 6, 7, 8, 9, 10, 11, 12, 13, 14, 15, 16, 17, 18, 19]
27: [0, 1, 3, 4, 5, 6, 7, 8, 9, 10, 11, 12, 13, 14, 15, 16, 17, 18, 19]
28: [0, 1, 2, 3, 4, 5, 6, 7, 8, 9, 10, 11, 12, 13, 14, 15, 16, 17, 18, 19]
29: [0, 1, 2, 3, 4, 5, 6, 7, 8, 9, 10, 11, 12, 13, 14, 15, 16, 17, 18, 19]
30: [0, 1, 2, 3, 4, 5, 6, 7, 8, 9, 10, 11, 12, 13, 14, 15, 16, 17, 18, 19]
31: [0, 1, 2, 3, 4, 5, 6, 7, 8, 9, 10, 11, 12, 13, 14, 15, 16, 17, 18, 19]
32: [1, 2, 3, 4, 5, 7, 8, 9, 10, 11, 12, 13, 14, 15, 16, 17, 18, 19]
33: [0, 1, 2, 3, 4, 5, 6, 7, 8, 9, 10, 11, 12, 13, 14, 15, 16, 17, 18, 19]
34: [0, 1, 2, 3, 4, 5, 6, 7, 8, 9, 10, 11, 12, 13, 14, 15, 16, 17, 18, 19]
35: [0, 1, 2, 3, 4, 5, 6, 7, 8, 9, 10, 11, 12, 13, 14, 15, 16, 17, 18, 19]
36: [0, 1, 2, 3, 4, 5, 6, 7, 8, 9, 10, 13, 14, 15, 16, 17, 18, 19]
37: [0, 1, 2, 3, 4, 5, 6, 7, 8, 9, 10, 11, 12, 13, 14, 15, 16, 17, 18, 19]
38: [0, 1, 2, 3, 4, 5, 6, 7, 8, 9, 10, 11, 12, 13, 14, 15, 16, 17, 18, 19]
39: [1, 2, 3, 4, 5, 6, 7, 8, 9, 10, 11, 12, 13, 14, 15, 16, 17, 18, 19]

T_r (set of distribution centers that can serve each regional center r):
0: [0, 1, 2, 3, 4, 5, 6, 7, 8, 9, 10, 11, 12, 13, 14, 15, 16, 17, 18, 19, 20, 21, 22, 23, 24, 25, 26, 27, 28, 29, 30, 31, 32, 33, 34, 35, 36, 37, 38, 39]
1: [0, 1, 2, 3, 4, 5, 6, 7, 8, 9, 10, 11, 12, 13, 14, 15, 16, 17, 18, 19, 20, 21, 22, 23, 24, 25, 26, 27, 28, 29, 30, 31, 32, 33, 34, 35, 36, 37, 38, 39]
2: [0, 1, 2, 3, 4, 5, 6, 7, 8, 9, 10, 11, 12, 13, 14, 15, 16, 17, 18, 19, 20, 21, 22, 23, 24, 25, 26, 27, 28, 29, 30, 31, 32, 33, 34, 35, 36, 37, 38, 39]
3: [0, 1, 2, 3, 4, 5, 6, 7, 8, 9, 10, 11, 12, 13, 14, 16, 17, 18, 19, 20, 21, 22, 23, 24, 25, 26, 27, 28, 29, 30, 31, 32, 33, 34, 35, 36, 37, 38, 39]
4: [0, 1, 2, 3, 4, 5, 6, 7, 8, 9, 10, 11, 12, 13, 14, 15, 16, 17, 18, 19, 20, 21, 22, 23, 24, 25, 26, 27, 28, 29, 30, 31, 32, 33, 34, 35, 36, 37, 38, 39]
5: [0, 1, 2, 3, 4, 5, 6, 7, 8, 9, 10, 11, 12, 13, 14, 15, 16, 17, 18, 19, 20, 21, 22, 23, 24, 25, 26, 27, 28, 29, 30, 31, 32, 33, 34, 35, 36, 37, 38, 39]
6: [0, 1, 2, 3, 4, 5, 6, 7, 8, 9, 10, 11, 12, 13, 14, 15, 16, 17, 18, 19, 20, 21, 22, 23, 24, 25, 26, 27, 28, 29, 30, 31, 32, 33, 34, 35, 36, 37, 38, 39]
7: [0, 1, 2, 3, 4, 5, 6, 7, 8, 9, 10, 11, 12, 13, 14, 15, 16, 17, 18, 19, 20, 21, 22, 23, 24, 25, 26, 27, 28, 29, 30, 31, 32, 33, 34, 35, 36, 37, 38, 39]
8: [0, 1, 2, 3, 4, 5, 6, 7, 8, 9, 10, 11, 12, 13, 14, 15, 16, 17, 18, 19, 20, 21, 22, 23, 24, 25, 26, 27, 28, 29, 30, 31, 32, 33, 34, 35, 36, 37, 38, 39]
9: [0, 1, 2, 3, 4, 5, 6, 7, 8, 9, 10, 11, 12, 13, 14, 15, 16, 17, 18, 19, 20, 21, 22, 23, 24, 25, 26, 27, 28, 29, 30, 31, 32, 33, 34, 35, 36, 37, 38, 39]
10: [0, 1, 2, 3, 4, 5, 6, 7, 8, 9, 10, 11, 12, 13, 14, 15, 16, 17, 18, 19, 20, 21, 22, 23, 24, 25, 26, 27, 28, 29, 30, 31, 32, 33, 34, 35, 36, 37, 38, 39]
11: [0, 1, 2, 3, 4, 5, 6, 7, 8, 9, 10, 11, 12, 13, 14, 15, 16, 17, 18, 19, 20, 21, 22, 23, 24, 25, 26, 27, 28, 29, 30, 31, 32, 33, 34, 35, 36, 37, 38, 39]
12: [0, 1, 2, 3, 4, 5, 6, 7, 8, 9, 10, 11, 12, 13, 14, 15, 16, 17, 18, 19, 20, 21, 22, 23, 24, 25, 26, 27, 28, 29, 30, 31, 32, 33, 34, 35, 36, 37, 38, 39]
13: [0, 1, 2, 3, 4, 5, 6, 7, 8, 9, 10, 11, 12, 13, 14, 15, 16, 17, 18, 19, 20, 21, 22, 23, 24, 25, 26, 27, 28, 29, 30, 31, 32, 33, 34, 35, 36, 37, 38, 39]
14: [0, 1, 2, 3, 4, 5, 6, 7, 8, 9, 10, 11, 12, 13, 14, 15, 16, 17, 18, 19, 20, 21, 22, 23, 24, 25, 26, 27, 28, 29, 30, 31, 32, 33, 34, 35, 36, 37, 38, 39]
15: [0, 1, 2, 3, 4, 5, 6, 7, 8, 9, 10, 11, 12, 13, 14, 15, 16, 17, 18, 19, 20, 21, 22, 23, 24, 25, 26, 27, 28, 29, 30, 31, 32, 33, 34, 35, 36, 37, 38, 39]
16: [0, 1, 2, 3, 4, 5, 6, 7, 8, 9, 10, 11, 12, 13, 14, 15, 16, 17, 18, 19, 20, 21, 22, 23, 24, 25, 26, 28, 29, 30, 31, 32, 33, 34, 35, 36, 37, 38, 39]
17: [0, 1, 2, 3, 4, 5, 6, 7, 8, 9, 10, 11, 12, 13, 14, 16, 17, 18, 19, 20, 21, 22, 23, 24, 25, 26, 27, 28, 29, 30, 31, 32, 33, 34, 35, 36, 37, 38, 39]
18: [0, 1, 2, 4, 5, 6, 7, 8, 9, 11, 12, 13, 14, 15, 16, 17, 18, 19, 21, 22, 23, 25, 26, 27, 28, 29, 30, 31, 32, 33, 34, 36, 37, 38, 39]
19: [0, 1, 2, 3, 4, 5, 6, 7, 8, 9, 10, 11, 12, 13, 14, 15, 16, 17, 18, 19, 20, 21, 22, 23, 24, 25, 26, 27, 28, 29, 30, 31, 32, 33, 34, 35, 36, 37, 38, 39]
20: [0, 1, 2, 3, 4, 5, 6, 7, 8, 9, 10, 11, 12, 13, 14, 16, 17, 18, 19, 20, 21, 22, 23, 24, 25, 26, 27, 28, 29, 30, 31, 32, 33, 34, 35, 36, 37, 38, 39]
21: [0, 1, 2, 3, 4, 5, 6, 7, 8, 9, 10, 11, 12, 13, 14, 15, 16, 17, 18, 19, 20, 21, 22, 23, 24, 25, 26, 27, 28, 29, 30, 31, 32, 33, 34, 35, 36, 37, 38, 39]
22: [0, 1, 2, 3, 4, 5, 6, 7, 8, 9, 11, 12, 13, 14, 15, 16, 17, 18, 19, 20, 21, 22, 23, 24, 25, 26, 27, 28, 29, 30, 31, 32, 33, 34, 35, 36, 37, 38, 39]
23: [0, 1, 2, 3, 4, 5, 6, 7, 8, 9, 10, 11, 12, 13, 14, 15, 16, 17, 18, 19, 20, 21, 22, 23, 24, 25, 26, 27, 28, 29, 30, 31, 32, 33, 34, 35, 36, 37, 38, 39]
24: [0, 1, 2, 3, 4, 5, 6, 7, 8, 9, 10, 11, 12, 13, 14, 15, 16, 17, 18, 19, 20, 21, 22, 23, 24, 25, 26, 27, 28, 29, 30, 31, 32, 33, 34, 35, 36, 37, 38, 39]
25: [0, 1, 2, 3, 4, 5, 6, 7, 8, 9, 10, 11, 12, 13, 14, 15, 16, 17, 18, 19, 20, 21, 22, 23, 24, 25, 26, 27, 28, 29, 30, 31, 32, 33, 34, 35, 36, 37, 38, 39]
26: [0, 1, 2, 3, 4, 5, 6, 7, 8, 9, 10, 11, 12, 13, 14, 15, 16, 17, 18, 19, 20, 21, 22, 23, 24, 25, 26, 27, 28, 29, 30, 31, 32, 33, 34, 35, 36, 37, 38, 39]
27: [0, 1, 2, 3, 4, 5, 6, 7, 8, 9, 10, 11, 12, 13, 14, 15, 16, 17, 18, 19, 20, 21, 22, 23, 24, 25, 26, 27, 28, 29, 30, 31, 32, 33, 34, 35, 36, 37, 38, 39]
28: [0, 1, 2, 3, 4, 5, 6, 7, 8, 9, 10, 11, 12, 13, 14, 15, 16, 17, 18, 19, 20, 21, 22, 23, 24, 25, 26, 27, 28, 29, 30, 31, 32, 33, 34, 35, 36, 37, 38, 39]
29: [0, 1, 2, 3, 4, 5, 6, 7, 8, 9, 10, 11, 12, 13, 14, 15, 16, 17, 18, 19, 20, 21, 22, 23, 24, 25, 26, 27, 28, 29, 30, 31, 32, 33, 34, 35, 36, 37, 38, 39]
30: [0, 1, 2, 3, 4, 5, 6, 7, 8, 9, 10, 11, 12, 13, 14, 15, 16, 17, 18, 19, 20, 21, 22, 23, 24, 25, 26, 27, 28, 29, 30, 31, 32, 33, 34, 35, 36, 37, 38, 39]
31: [0, 1, 2, 3, 4, 5, 6, 7, 8, 9, 10, 11, 12, 13, 14, 15, 16, 17, 18, 19, 20, 21, 22, 23, 24, 25, 26, 27, 28, 29, 30, 31, 32, 33, 34, 35, 36, 37, 38, 39]
32: [0, 1, 2, 3, 4, 5, 6, 7, 8, 9, 10, 11, 12, 13, 14, 15, 16, 17, 18, 19, 20, 21, 22, 23, 24, 25, 26, 27, 28, 29, 30, 31, 32, 33, 34, 35, 36, 37, 38, 39]
33: [0, 1, 2, 3, 4, 5, 6, 7, 8, 9, 10, 11, 12, 13, 14, 15, 16, 17, 18, 20, 21, 22, 23, 24, 25, 26, 27, 28, 29, 30, 31, 32, 33, 34, 35, 37, 38, 39]
34: [0, 1, 2, 3, 4, 5, 6, 7, 8, 9, 10, 11, 12, 13, 14, 15, 16, 17, 18, 19, 20, 21, 22, 23, 24, 25, 26, 27, 28, 29, 30, 31, 32, 33, 34, 35, 36, 37, 38, 39]
35: [0, 1, 2, 3, 4, 5, 6, 7, 8, 9, 10, 11, 12, 13, 14, 15, 16, 17, 18, 19, 20, 21, 22, 23, 24, 25, 26, 27, 28, 29, 30, 31, 32, 33, 34, 35, 36, 37, 38, 39]
36: [0, 1, 2, 3, 4, 5, 6, 7, 8, 9, 10, 11, 12, 13, 14, 15, 16, 17, 18, 19, 20, 21, 22, 23, 24, 25, 26, 27, 28, 29, 30, 31, 32, 33, 34, 35, 36, 37, 38, 39]
37: [0, 1, 2, 3, 4, 5, 6, 7, 8, 9, 10, 11, 12, 13, 14, 15, 16, 17, 18, 19, 20, 21, 22, 23, 24, 25, 26, 27, 28, 29, 30, 31, 32, 33, 34, 35, 36, 37, 38, 39]
38: [0, 1, 2, 3, 4, 5, 6, 7, 8, 9, 10, 11, 12, 13, 14, 15, 16, 17, 18, 20, 21, 22, 23, 24, 25, 26, 27, 28, 29, 30, 31, 32, 33, 34, 35, 37, 38, 39]
39: [0, 1, 2, 3, 4, 5, 6, 7, 8, 9, 10, 11, 12, 13, 14, 16, 17, 18, 19, 20, 21, 22, 23, 24, 25, 26, 27, 28, 29, 30, 31, 32, 33, 34, 35, 36, 37, 38, 39]
40: [0, 1, 2, 3, 4, 5, 6, 7, 8, 9, 10, 11, 12, 13, 14, 15, 16, 17, 18, 19, 20, 21, 22, 23, 24, 25, 26, 27, 28, 29, 30, 31, 32, 33, 34, 35, 36, 37, 38, 39]
41: [0, 1, 2, 3, 4, 5, 6, 7, 8, 9, 10, 11, 12, 13, 14, 15, 16, 17, 18, 19, 20, 21, 22, 23, 24, 25, 26, 27, 28, 29, 30, 31, 32, 33, 34, 35, 36, 37, 38, 39]
42: [0, 1, 2, 3, 4, 5, 6, 7, 8, 9, 10, 11, 12, 13, 14, 15, 16, 17, 18, 19, 20, 21, 22, 23, 24, 25, 26, 27, 28, 29, 30, 31, 32, 33, 34, 35, 36, 37, 38, 39]
43: [0, 1, 2, 3, 4, 5, 6, 7, 8, 9, 10, 11, 12, 13, 14, 16, 17, 18, 19, 20, 21, 22, 23, 24, 25, 26, 27, 28, 29, 30, 31, 33, 34, 35, 36, 37, 38, 39]
44: [0, 1, 2, 3, 4, 5, 6, 7, 8, 9, 10, 11, 12, 13, 14, 15, 16, 17, 18, 19, 20, 21, 22, 23, 24, 25, 26, 27, 28, 29, 30, 31, 32, 33, 34, 35, 36, 37, 38, 39]
45: [0, 1, 2, 3, 4, 5, 6, 7, 8, 9, 10, 11, 12, 13, 14, 15, 16, 17, 18, 19, 20, 21, 22, 23, 24, 25, 26, 29, 30, 31, 32, 33, 34, 35, 36, 37, 38, 39]
46: [0, 1, 2, 3, 4, 5, 6, 7, 8, 9, 10, 11, 12, 13, 14, 15, 16, 17, 18, 19, 20, 21, 22, 23, 24, 25, 26, 27, 28, 29, 30, 31, 32, 33, 34, 35, 36, 37, 38, 39]
47: [0, 1, 2, 3, 4, 5, 6, 7, 8, 9, 10, 11, 12, 13, 14, 15, 16, 17, 18, 19, 20, 21, 22, 23, 24, 25, 26, 27, 28, 29, 30, 31, 32, 33, 34, 35, 36, 37, 38, 39]
48: [0, 1, 2, 3, 4, 5, 6, 7, 8, 9, 10, 11, 12, 13, 14, 15, 16, 17, 18, 19, 20, 21, 22, 23, 24, 25, 26, 27, 28, 29, 30, 31, 32, 33, 34, 35, 36, 37, 38, 39]
49: [0, 1, 2, 3, 4, 5, 6, 7, 8, 9, 10, 11, 12, 13, 14, 15, 16, 17, 18, 19, 20, 21, 22, 23, 24, 25, 26, 27, 28, 29, 30, 31, 32, 33, 34, 35, 36, 37, 38, 39]
50: [0, 1, 2, 3, 4, 5, 6, 7, 8, 9, 10, 11, 12, 13, 14, 15, 16, 17, 18, 19, 20, 21, 22, 23, 24, 25, 26, 27, 28, 29, 30, 31, 32, 33, 34, 35, 36, 37, 38, 39]
51: [0, 1, 2, 3, 4, 5, 6, 7, 8, 9, 10, 11, 12, 13, 14, 15, 16, 17, 18, 19, 20, 21, 22, 23, 24, 25, 26, 27, 28, 29, 30, 31, 32, 33, 34, 35, 36, 37, 38, 39]
52: [0, 1, 2, 3, 4, 5, 6, 7, 8, 9, 10, 11, 12, 13, 14, 15, 16, 17, 18, 19, 20, 21, 22, 23, 24, 25, 26, 27, 28, 29, 30, 31, 32, 33, 34, 35, 36, 37, 38, 39]
53: [0, 1, 2, 3, 4, 5, 6, 7, 8, 9, 10, 11, 12, 13, 14, 15, 16, 17, 18, 19, 20, 21, 22, 23, 24, 25, 26, 27, 28, 29, 30, 31, 32, 33, 34, 35, 36, 37, 38, 39]
54: [0, 1, 2, 3, 4, 5, 6, 7, 8, 9, 10, 11, 12, 13, 14, 15, 16, 17, 18, 19, 20, 21, 22, 23, 24, 25, 26, 27, 28, 29, 30, 31, 32, 33, 34, 35, 37, 38, 39]
55: [0, 1, 2, 3, 4, 5, 6, 7, 8, 9, 10, 11, 12, 13, 14, 15, 16, 17, 18, 19, 20, 21, 22, 23, 24, 25, 26, 27, 28, 29, 30, 31, 32, 33, 34, 35, 36, 37, 38, 39]
56: [0, 1, 2, 3, 5, 6, 7, 8, 9, 10, 12, 13, 14, 15, 16, 17, 20, 21, 22, 23, 24, 25, 26, 27, 28, 29, 30, 31, 32, 33, 34, 35, 37, 38, 39]
57: [0, 1, 2, 3, 4, 5, 6, 7, 8, 9, 10, 11, 12, 13, 14, 15, 16, 17, 18, 19, 20, 21, 22, 23, 24, 25, 26, 27, 28, 29, 30, 31, 32, 33, 34, 35, 37, 38, 39]
58: [0, 1, 2, 3, 4, 5, 6, 7, 8, 9, 10, 11, 12, 13, 14, 15, 16, 17, 18, 19, 20, 21, 22, 23, 24, 25, 26, 27, 28, 29, 30, 31, 32, 33, 34, 35, 36, 37, 38, 39]
59: [0, 1, 2, 3, 4, 5, 6, 7, 8, 9, 10, 11, 12, 13, 14, 15, 16, 17, 18, 19, 20, 21, 22, 23, 24, 25, 26, 27, 28, 29, 30, 31, 32, 33, 34, 35, 36, 37, 38, 39]

