### Instance Data ###

I (production plants):
[0, 1, 2, 3, 4, 5, 6, 7, 8, 9, 10, 11, 12, 13, 14, 15, 16, 17, 18, 19, 20, 21, 22, 23, 24, 25, 26, 27, 28, 29]

C (potential distribution centers):
[0, 1, 2, 3, 4, 5, 6, 7, 8, 9, 10, 11, 12, 13, 14, 15, 16, 17, 18, 19, 20, 21, 22, 23, 24, 25, 26, 27, 28, 29, 30, 31, 32, 33, 34, 35, 36, 37, 38, 39, 40, 41, 42, 43, 44, 45, 46, 47, 48, 49, 50, 51, 52, 53, 54, 55, 56, 57, 58, 59]

R (regional distribution centers):
[0, 1, 2, 3, 4, 5, 6, 7, 8, 9, 10, 11, 12, 13, 14, 15, 16, 17, 18, 19, 20, 21, 22, 23, 24, 25, 26, 27, 28, 29, 30, 31, 32, 33, 34, 35, 36, 37, 38, 39, 40, 41, 42, 43, 44, 45, 46, 47, 48, 49, 50, 51, 52, 53, 54, 55, 56, 57, 58, 59, 60, 61, 62, 63, 64, 65, 66, 67, 68, 69, 70, 71, 72, 73, 74, 75, 76, 77, 78, 79, 80, 81, 82, 83, 84, 85, 86, 87, 88, 89]

a_ij (transportation cost from plants I to centers C):
0 0 13
0 1 65
0 2 44
0 3 111
0 4 140
0 5 181
0 6 72
0 7 52
0 8 129
0 9 74
0 10 18
0 11 46
0 12 56
0 13 38
0 14 27
0 15 38
0 16 49
0 17 62
0 18 125
0 19 59
0 20 94
0 21 84
0 22 171
0 23 99
0 24 91
0 25 19
0 26 85
0 27 91
0 28 66
0 29 155
0 30 37
0 31 135
0 32 129
0 33 35
0 34 66
0 35 108
0 36 158
0 37 83
0 38 79
0 39 125
0 40 51
0 41 90
0 42 112
0 43 47
0 44 57
0 45 58
0 46 89
0 47 25
0 48 174
0 49 61
0 50 26
0 51 73
0 52 159
0 53 118
0 54 107
0 55 89
0 56 127
0 57 74
0 58 58
0 59 62
1 0 23
1 1 31
1 2 17
1 3 74
1 4 103
1 5 144
1 6 34
1 7 14
1 8 92
1 9 40
1 10 35
1 11 39
1 12 46
1 13 1
1 14 59
1 15 64
1 16 82
1 17 92
1 18 88
1 19 50
1 20 57
1 21 59
1 22 133
1 23 62
1 24 53
1 25 20
1 26 52
1 27 54
1 28 80
1 29 117
1 30 3
1 31 97
1 32 91
1 33 6
1 34 83
1 35 82
1 36 120
1 37 45
1 38 46
1 39 87
1 40 13
1 41 53
1 42 82
1 43 23
1 44 19
1 45 37
1 46 55
1 47 30
1 48 137
1 49 67
1 50 53
1 51 49
1 52 122
1 53 80
1 54 69
1 55 51
1 56 89
1 57 36
1 58 57
1 59 80
2 0 76
2 1 29
2 2 74
2 3 105
2 4 60
2 5 101
2 6 46
2 7 55
2 8 49
2 9 15
2 10 92
2 11 95
2 12 102
2 13 55
2 14 115
2 15 120
2 16 139
2 17 148
2 18 144
2 19 107
2 20 44
2 21 115
2 22 91
2 23 116
2 24 55
2 25 70
2 26 4
2 27 88
2 28 137
2 29 75
2 30 60
2 31 55
2 32 103
2 33 53
2 34 139
2 35 138
2 36 110
2 37 49
2 38 11
2 39 121
2 40 48
2 41 90
2 42 138
2 43 79
2 44 56
2 45 93
2 46 7
2 47 86
2 48 94
2 49 123
2 50 109
2 51 105
2 52 79
2 53 111
2 54 110
2 55 34
2 56 60
2 57 77
2 58 114
2 59 137
3 0 59
3 1 41
3 2 28
3 3 39
3 4 67
3 5 108
3 6 19
3 7 20
3 8 56
3 9 50
3 10 54
3 11 29
3 12 36
3 13 33
3 14 49
3 15 54
3 16 73
3 17 82
3 18 78
3 19 41
3 20 21
3 21 49
3 22 98
3 23 50
3 24 18
3 25 55
3 26 61
3 27 22
3 28 71
3 29 82
3 30 35
3 31 62
3 32 56
3 33 42
3 34 73
3 35 72
3 36 85
3 37 16
3 38 55
3 39 55
3 40 21
3 41 24
3 42 72
3 43 25
3 44 15
3 45 28
3 46 65
3 47 47
3 48 101
3 49 57
3 50 46
3 51 40
3 52 86
3 53 45
3 54 45
3 55 31
3 56 54
3 57 11
3 58 48
3 59 71
4 0 73
4 1 37
4 2 56
4 3 88
4 4 53
4 5 94
4 6 29
4 7 38
4 8 42
4 9 21
4 10 75
4 11 78
4 12 85
4 13 48
4 14 98
4 15 103
4 16 121
4 17 131
4 18 127
4 19 90
4 20 27
4 21 98
4 22 84
4 23 99
4 24 38
4 25 69
4 26 12
4 27 71
4 28 120
4 29 68
4 30 49
4 31 48
4 32 86
4 33 56
4 34 122
4 35 121
4 36 93
4 37 32
4 38 19
4 39 104
4 40 35
4 41 73
4 42 121
4 43 62
4 44 38
4 45 76
4 46 16
4 47 69
4 48 87
4 49 106
4 50 92
4 51 88
4 52 72
4 53 94
4 54 93
4 55 17
4 56 43
4 57 60
4 58 96
4 59 120
5 0 39
5 1 61
5 2 11
5 3 58
5 4 87
5 5 128
5 6 39
5 7 30
5 8 76
5 9 70
5 10 34
5 11 9
5 12 16
5 13 30
5 14 29
5 15 34
5 16 53
5 17 62
5 18 71
5 19 21
5 20 41
5 21 31
5 22 118
5 23 46
5 24 38
5 25 35
5 26 81
5 27 38
5 28 51
5 29 102
5 30 25
5 31 82
5 32 76
5 33 32
5 34 53
5 35 54
5 36 104
5 37 36
5 38 75
5 39 72
5 40 37
5 41 37
5 42 59
5 43 6
5 44 29
5 45 7
5 46 85
5 47 27
5 48 121
5 49 37
5 50 26
5 51 20
5 52 106
5 53 64
5 54 54
5 55 51
5 56 73
5 57 21
5 58 28
5 59 51
6 0 14
6 1 39
6 2 33
6 3 100
6 4 130
6 5 170
6 6 61
6 7 41
6 8 118
6 9 54
6 10 30
6 11 36
6 12 45
6 13 28
6 14 53
6 15 58
6 16 77
6 17 86
6 18 114
6 19 48
6 20 83
6 21 74
6 22 160
6 23 88
6 24 80
6 25 8
6 26 68
6 27 80
6 28 75
6 29 144
6 30 26
6 31 124
6 32 118
6 33 20
6 34 77
6 35 97
6 36 147
6 37 72
6 38 57
6 39 114
6 40 40
6 41 79
6 42 101
6 43 36
6 44 46
6 45 47
6 46 77
6 47 24
6 48 163
6 49 61
6 50 47
6 51 63
6 52 149
6 53 107
6 54 96
6 55 78
6 56 116
6 57 63
6 58 52
6 59 75
7 0 24
7 1 26
7 2 22
7 3 73
7 4 102
7 5 143
7 6 33
7 7 13
7 8 91
7 9 35
7 10 40
7 11 44
7 12 51
7 13 3
7 14 64
7 15 69
7 16 87
7 17 96
7 18 92
7 19 55
7 20 56
7 21 63
7 22 132
7 23 64
7 24 52
7 25 21
7 26 47
7 27 53
7 28 85
7 29 116
7 30 8
7 31 96
7 32 90
7 33 7
7 34 88
7 35 87
7 36 119
7 37 44
7 38 41
7 39 86
7 40 12
7 41 52
7 42 87
7 43 28
7 44 18
7 45 42
7 46 50
7 47 35
7 48 136
7 49 71
7 50 58
7 51 54
7 52 121
7 53 79
7 54 69
7 55 50
7 56 88
7 57 35
7 58 62
7 59 85
8 0 42
8 1 8
8 2 40
8 3 71
8 4 88
8 5 128
8 6 19
8 7 22
8 8 76
8 9 17
8 10 58
8 11 62
8 12 69
8 13 21
8 14 82
8 15 87
8 16 105
8 17 114
8 18 110
8 19 73
8 20 41
8 21 81
8 22 118
8 23 82
8 24 38
8 25 37
8 26 29
8 27 54
8 28 103
8 29 102
8 30 26
8 31 82
8 32 76
8 33 21
8 34 106
8 35 104
8 36 105
8 37 30
8 38 23
8 39 87
8 40 15
8 41 57
8 42 105
8 43 45
8 44 22
8 45 60
8 46 35
8 47 53
8 48 121
8 49 89
8 50 75
8 51 72
8 52 107
8 53 77
8 54 77
8 55 36
8 56 74
8 57 43
8 58 80
8 59 103
9 0 48
9 1 74
9 2 25
9 3 49
9 4 78
9 5 119
9 6 52
9 7 43
9 8 68
9 9 84
9 10 43
9 11 15
9 12 5
9 13 44
9 14 34
9 15 24
9 16 39
9 17 48
9 18 62
9 19 7
9 20 54
9 21 22
9 22 108
9 23 37
9 24 43
9 25 45
9 26 95
9 27 29
9 28 37
9 29 92
9 30 39
9 31 72
9 32 66
9 33 45
9 34 39
9 35 45
9 36 95
9 37 49
9 38 89
9 39 62
9 40 51
9 41 28
9 42 49
9 43 20
9 44 43
9 45 5
9 46 99
9 47 36
9 48 112
9 49 23
9 50 36
9 51 11
9 52 97
9 53 55
9 54 45
9 55 65
9 56 64
9 57 22
9 58 14
9 59 37
10 0 72
10 1 35
10 2 68
10 3 100
10 4 54
10 5 95
10 6 41
10 7 50
10 8 43
10 9 20
10 10 87
10 11 90
10 12 97
10 13 50
10 14 110
10 15 115
10 16 133
10 17 143
10 18 139
10 19 102
10 20 39
10 21 110
10 22 85
10 23 111
10 24 50
10 25 68
10 26 6
10 27 83
10 28 132
10 29 69
10 30 54
10 31 49
10 32 98
10 33 54
10 34 134
10 35 133
10 36 105
10 37 44
10 38 17
10 39 116
10 40 43
10 41 85
10 42 133
10 43 74
10 44 50
10 45 88
10 46 4
10 47 81
10 48 88
10 49 118
10 50 104
10 51 100
10 52 74
10 53 106
10 54 105
10 55 29
10 56 55
10 57 72
10 58 108
10 59 132
11 0 74
11 1 126
11 2 77
11 3 45
11 4 91
11 5 102
11 6 104
11 7 95
11 8 119
11 9 135
11 10 60
11 11 55
11 12 48
11 13 95
11 14 51
11 15 41
11 16 38
11 17 16
11 18 45
11 19 43
11 20 106
11 21 35
11 22 92
11 23 34
11 24 95
11 25 80
11 26 146
11 27 62
11 28 13
11 29 78
11 30 91
11 31 110
11 32 49
11 33 97
11 34 12
11 35 28
11 36 78
11 37 101
11 38 141
11 39 46
11 40 102
11 41 60
11 42 33
11 43 71
11 44 95
11 45 57
11 46 150
11 47 64
11 48 95
11 49 27
11 50 53
11 51 45
11 52 80
11 53 39
11 54 40
11 55 116
11 56 90
11 57 73
11 58 37
11 59 17
12 0 99
12 1 150
12 2 101
12 3 69
12 4 116
12 5 102
12 6 128
12 7 119
12 8 143
12 9 159
12 10 83
12 11 79
12 12 72
12 13 120
12 14 59
12 15 54
12 16 38
12 17 26
12 18 45
12 19 67
12 20 130
12 21 59
12 22 97
12 23 59
12 24 119
12 25 104
12 26 171
12 27 87
12 28 38
12 29 102
12 30 115
12 31 134
12 32 71
12 33 121
12 34 35
12 35 36
12 36 78
12 37 125
12 38 165
12 39 54
12 40 126
12 41 84
12 42 36
12 43 95
12 44 119
12 45 81
12 46 174
12 47 88
12 48 99
12 49 51
12 50 65
12 51 69
12 52 101
12 53 63
12 54 64
12 55 141
12 56 114
12 57 98
12 58 61
12 59 38
13 0 56
13 1 30
13 2 25
13 3 49
13 4 70
13 5 111
13 6 8
13 7 17
13 8 59
13 9 39
13 10 51
13 11 40
13 12 47
13 13 30
13 14 60
13 15 65
13 16 83
13 17 92
13 18 88
13 19 51
13 20 24
13 21 59
13 22 101
13 23 60
13 24 21
13 25 52
13 26 51
13 27 32
13 28 81
13 29 85
13 30 32
13 31 65
13 32 59
13 33 39
13 34 84
13 35 82
13 36 88
13 37 13
13 38 45
13 39 65
13 40 18
13 41 35
13 42 83
13 43 23
13 44 12
13 45 38
13 46 54
13 47 44
13 48 104
13 49 67
13 50 54
13 51 50
13 52 89
13 53 55
13 54 55
13 55 21
13 56 57
13 57 21
13 58 58
13 59 81
14 0 132
14 1 96
14 2 102
14 3 35
14 4 20
14 5 34
14 6 74
14 7 94
14 8 47
14 9 81
14 10 127
14 11 99
14 12 90
14 13 107
14 14 118
14 15 108
14 16 106
14 17 83
14 18 65
14 19 87
14 20 52
14 21 61
14 22 24
14 23 46
14 24 55
14 25 129
14 26 75
14 27 55
14 28 80
14 29 8
14 30 109
14 31 38
14 32 24
14 33 115
14 34 80
14 35 59
14 36 30
14 37 63
14 38 78
14 39 41
14 40 95
14 41 56
14 42 59
14 43 99
14 44 89
14 45 88
14 46 78
14 47 121
14 48 27
14 49 84
14 50 120
14 51 72
14 52 13
14 53 32
14 54 39
14 55 57
14 56 19
14 57 72
14 58 88
14 59 84
15 0 86
15 1 107
15 2 58
15 3 26
15 4 72
15 5 81
15 6 85
15 7 76
15 8 100
15 9 116
15 10 81
15 11 53
15 12 43
15 13 76
15 14 72
15 15 62
15 16 60
15 17 37
15 18 24
15 19 40
15 20 87
15 21 16
15 22 70
15 23 15
15 24 76
15 25 83
15 26 127
15 27 43
15 28 34
15 29 59
15 30 72
15 31 91
15 32 28
15 33 78
15 34 34
15 35 7
15 36 57
15 37 82
15 38 122
15 39 24
15 40 83
15 41 41
15 42 11
15 43 53
15 44 76
15 45 42
15 46 131
15 47 74
15 48 74
15 49 38
15 50 74
15 51 26
15 52 59
15 53 20
15 54 21
15 55 97
15 56 71
15 57 54
15 58 41
15 59 38
16 0 53
16 1 101
16 2 52
16 3 43
16 4 73
16 5 114
16 6 79
16 7 70
16 8 94
16 9 110
16 10 48
16 11 30
16 12 23
16 13 71
16 14 39
16 15 29
16 16 27
16 17 21
16 18 57
16 19 19
16 20 81
16 21 17
16 22 103
16 23 32
16 24 70
16 25 55
16 26 122
16 27 38
16 28 10
16 29 87
16 30 66
16 31 85
16 32 61
16 33 72
16 34 13
16 35 40
16 36 90
16 37 76
16 38 116
16 39 57
16 40 77
16 41 35
16 42 44
16 43 47
16 44 70
16 45 32
16 46 125
16 47 41
16 48 107
16 49 5
16 50 41
16 51 20
16 52 92
16 53 50
16 54 39
16 55 92
16 56 65
16 57 49
16 58 12
16 59 10
17 0 105
17 1 89
17 2 75
17 3 9
17 4 55
17 5 61
17 6 67
17 7 67
17 8 82
17 9 98
17 10 100
17 11 72
17 12 63
17 13 80
17 14 91
17 15 81
17 16 79
17 17 56
17 18 29
17 19 60
17 20 69
17 21 34
17 22 51
17 23 19
17 24 58
17 25 102
17 26 110
17 27 28
17 28 53
17 29 42
17 30 82
17 31 74
17 32 10
17 33 88
17 34 53
17 35 23
17 36 38
17 37 64
17 38 104
17 39 6
17 40 68
17 41 29
17 42 24
17 43 72
17 44 62
17 45 61
17 46 114
17 47 93
17 48 54
17 49 57
17 50 93
17 51 45
17 52 40
17 53 3
17 54 12
17 55 80
17 56 53
17 57 45
17 58 61
17 59 57
18 0 43
18 1 69
18 2 20
18 3 54
18 4 83
18 5 124
18 6 47
18 7 38
18 8 72
18 9 79
18 10 38
18 11 10
18 12 7
18 13 39
18 14 29
18 15 26
18 16 44
18 17 53
18 18 67
18 19 12
18 20 49
18 21 27
18 22 114
18 23 42
18 24 38
18 25 40
18 26 90
18 27 34
18 28 42
18 29 97
18 30 34
18 31 77
18 32 71
18 33 40
18 34 44
18 35 50
18 36 100
18 37 44
18 38 84
18 39 67
18 40 46
18 41 33
18 42 54
18 43 15
18 44 38
18 45 0
18 46 94
18 47 31
18 48 117
18 49 28
18 50 31
18 51 16
18 52 102
18 53 60
18 54 50
18 55 60
18 56 69
18 57 17
18 58 19
18 59 42
19 0 100
19 1 64
19 2 70
19 3 44
19 4 26
19 5 67
19 6 41
19 7 62
19 8 29
19 9 48
19 10 95
19 11 67
19 12 57
19 13 75
19 14 86
19 15 76
19 16 78
19 17 87
19 18 83
19 19 54
19 20 19
19 21 54
19 22 57
19 23 55
19 24 23
19 25 96
19 26 56
19 27 27
19 28 76
19 29 40
19 30 76
19 31 21
19 32 42
19 33 83
19 34 78
19 35 77
19 36 49
19 37 30
19 38 50
19 39 60
19 40 62
19 41 30
19 42 78
19 43 67
19 44 57
19 45 56
19 46 60
19 47 88
19 48 60
19 49 62
19 50 87
19 51 45
19 52 45
19 53 50
19 54 50
19 55 26
19 56 12
19 57 40
19 58 55
19 59 76
20 0 104
20 1 68
20 2 74
20 3 23
20 4 22
20 5 63
20 6 45
20 7 66
20 8 50
20 9 66
20 10 99
20 11 71
20 12 61
20 13 79
20 14 90
20 15 80
20 16 77
20 17 66
20 18 62
20 19 58
20 20 36
20 21 33
20 22 53
20 23 34
20 24 27
20 25 100
20 26 77
20 27 26
20 28 55
20 29 36
20 30 80
20 31 41
20 32 21
20 33 87
20 34 57
20 35 56
20 36 39
20 37 35
20 38 71
20 39 39
20 40 67
20 41 27
20 42 57
20 43 71
20 44 61
20 45 60
20 46 81
20 47 92
20 48 56
20 49 56
20 50 92
20 51 44
20 52 41
20 53 29
20 54 29
20 55 47
20 56 20
20 57 44
20 58 59
20 59 56
21 0 127
21 1 91
21 2 97
21 3 30
21 4 49
21 5 39
21 6 69
21 7 89
21 8 77
21 9 93
21 10 122
21 11 94
21 12 85
21 13 102
21 14 113
21 15 103
21 16 101
21 17 78
21 18 35
21 19 82
21 20 63
21 21 56
21 22 30
21 23 42
21 24 53
21 25 124
21 26 104
21 27 50
21 28 75
21 29 36
21 30 104
21 31 68
21 32 12
21 33 110
21 34 75
21 35 33
21 36 16
21 37 58
21 38 98
21 39 16
21 40 90
21 41 51
21 42 30
21 43 94
21 44 84
21 45 83
21 46 108
21 47 116
21 48 32
21 49 79
21 50 115
21 51 67
21 52 34
21 53 23
21 54 34
21 55 74
21 56 47
21 57 67
21 58 83
21 59 79
22 0 87
22 1 79
22 2 57
22 3 10
22 4 45
22 5 80
22 6 57
22 7 49
22 8 72
22 9 88
22 10 82
22 11 54
22 12 44
22 13 62
22 14 73
22 15 63
22 16 61
22 17 43
22 18 39
22 19 41
22 20 59
22 21 16
22 22 69
22 23 11
22 24 48
22 25 84
22 26 100
22 27 16
22 28 35
22 29 53
22 30 63
22 31 64
22 32 27
22 33 70
22 34 35
22 35 33
22 36 56
22 37 54
22 38 94
22 39 23
22 40 55
22 41 13
22 42 34
22 43 54
22 44 48
22 45 43
22 46 104
22 47 75
22 48 73
22 49 39
22 50 75
22 51 27
22 52 58
22 53 16
22 54 6
22 55 70
22 56 43
22 57 27
22 58 42
22 59 39
23 0 24
23 1 27
23 2 21
23 3 84
23 4 114
23 5 154
23 6 45
23 7 25
23 8 103
23 9 38
23 10 40
23 11 43
23 12 50
23 13 12
23 14 63
23 15 68
23 16 86
23 17 96
23 18 98
23 19 55
23 20 67
23 21 63
23 22 144
23 23 73
23 24 64
23 25 18
23 26 52
23 27 64
23 28 85
23 29 128
23 30 10
23 31 108
23 32 102
23 33 4
23 34 87
23 35 86
23 36 131
23 37 56
23 38 42
23 39 98
23 40 24
23 41 63
23 42 86
23 43 27
23 44 30
23 45 41
23 46 61
23 47 34
23 48 147
23 49 71
23 50 57
23 51 53
23 52 133
23 53 91
23 54 80
23 55 62
23 56 100
23 57 47
23 58 61
23 59 85
24 0 65
24 1 29
24 2 44
24 3 76
24 4 61
24 5 102
24 6 17
24 7 27
24 8 50
24 9 13
24 10 63
24 11 66
24 12 73
24 13 40
24 14 86
24 15 91
24 16 109
24 17 119
24 18 115
24 19 78
24 20 15
24 21 86
24 22 91
24 23 87
24 24 26
24 25 62
24 26 24
24 27 59
24 28 108
24 29 75
24 30 41
24 31 55
24 32 74
24 33 48
24 34 110
24 35 109
24 36 81
24 37 20
24 38 19
24 39 92
24 40 28
24 41 61
24 42 109
24 43 50
24 44 26
24 45 64
24 46 28
24 47 57
24 48 95
24 49 94
24 50 80
24 51 76
24 52 80
24 53 82
24 54 81
24 55 9
24 56 47
24 57 48
24 58 84
24 59 108
25 0 145
25 1 109
25 2 115
25 3 47
25 4 36
25 5 22
25 6 87
25 7 107
25 8 64
25 9 93
25 10 140
25 11 112
25 12 102
25 13 120
25 14 131
25 15 121
25 16 118
25 17 96
25 18 48
25 19 99
25 20 64
25 21 74
25 22 17
25 23 59
25 24 68
25 25 142
25 26 91
25 27 67
25 28 93
25 29 23
25 30 121
25 31 55
25 32 30
25 33 128
25 34 92
25 35 51
25 36 14
25 37 76
25 38 91
25 39 34
25 40 108
25 41 68
25 42 47
25 43 112
25 44 102
25 45 101
25 46 95
25 47 133
25 48 19
25 49 97
25 50 133
25 51 85
25 52 21
25 53 41
25 54 51
25 55 70
25 56 34
25 57 85
25 58 100
25 59 97
26 0 55
26 1 18
26 2 36
26 3 67
26 4 71
26 5 112
26 6 9
26 7 18
26 8 60
26 9 21
26 10 54
26 11 58
26 12 65
26 13 29
26 14 78
26 15 83
26 16 101
26 17 110
26 18 106
26 19 69
26 20 25
26 21 77
26 22 102
26 23 78
26 24 22
26 25 51
26 26 33
26 27 50
26 28 99
26 29 86
26 30 31
26 31 66
26 32 66
26 33 37
26 34 102
26 35 100
26 36 89
26 37 14
26 38 27
26 39 83
26 40 17
26 41 53
26 42 101
26 43 41
26 44 18
26 45 56
26 46 36
26 47 49
26 48 105
26 49 85
26 50 71
26 51 68
26 52 91
26 53 73
26 54 73
26 55 20
26 56 58
26 57 39
26 58 76
26 59 99
27 0 45
27 1 66
27 2 17
27 3 52
27 4 81
27 5 122
27 6 45
27 7 36
27 8 70
27 9 76
27 10 40
27 11 11
27 12 10
27 13 36
27 14 31
27 15 29
27 16 47
27 17 56
27 18 66
27 19 15
27 20 47
27 21 25
27 22 112
27 23 40
27 24 36
27 25 41
27 26 87
27 27 32
27 28 45
27 29 96
27 30 31
27 31 76
27 32 70
27 33 37
27 34 47
27 35 49
27 36 99
27 37 41
27 38 81
27 39 66
27 40 43
27 41 31
27 42 53
27 43 12
27 44 35
27 45 2
27 46 91
27 47 33
27 48 115
27 49 31
27 50 32
27 51 15
27 52 101
27 53 59
27 54 48
27 55 57
27 56 68
27 57 15
27 58 22
27 59 45
28 0 48
28 1 99
28 2 50
28 3 72
28 4 101
28 5 142
28 6 78
28 7 68
28 8 93
28 9 109
28 10 32
28 11 28
28 12 22
28 13 69
28 14 11
28 15 3
28 16 14
28 17 23
28 18 85
28 19 20
28 20 79
28 21 45
28 22 132
28 23 60
28 24 69
28 25 54
28 26 120
28 27 52
28 28 27
28 29 116
28 30 64
28 31 96
28 32 90
28 33 70
28 34 27
28 35 69
28 36 119
28 37 74
28 38 114
28 39 86
28 40 76
28 41 51
28 42 73
28 43 45
28 44 68
28 45 30
28 46 124
28 47 38
28 48 135
28 49 22
28 50 15
28 51 34
28 52 120
28 53 79
28 54 68
28 55 90
28 56 88
28 57 47
28 58 19
28 59 23
29 0 63
29 1 37
29 2 32
29 3 42
29 4 63
29 5 104
29 6 15
29 7 24
29 8 52
29 9 47
29 10 58
29 11 33
29 12 39
29 13 38
29 14 52
29 15 58
29 16 76
29 17 85
29 18 81
29 19 44
29 20 17
29 21 52
29 22 94
29 23 53
29 24 14
29 25 59
29 26 58
29 27 25
29 28 74
29 29 78
29 30 39
29 31 58
29 32 52
29 33 46
29 34 76
29 35 75
29 36 81
29 37 12
29 38 52
29 39 58
29 40 25
29 41 28
29 42 76
29 43 29
29 44 19
29 45 31
29 46 62
29 47 51
29 48 97
29 49 60
29 50 50
29 51 43
29 52 82
29 53 48
29 54 48
29 55 28
29 56 50
29 57 14
29 58 51
29 59 74

b_jr (transportation cost from centers C to regional centers R):
0 0 141
0 1 82
0 2 54
0 3 91
0 4 75
0 5 50
0 6 83
0 7 129
0 8 89
0 9 45
0 10 105
0 11 48
0 12 101
0 13 24
0 14 86
0 15 79
0 16 21
0 17 125
0 18 69
0 19 42
0 20 54
0 21 91
0 22 90
0 23 85
0 24 74
0 25 93
0 26 105
0 27 82
0 28 83
0 29 105
0 30 150
0 31 78
0 32 128
0 33 42
0 34 52
0 35 14
0 36 56
0 37 82
0 38 6
0 39 101
0 40 148
0 41 89
0 42 47
0 43 45
0 44 54
0 45 85
0 46 97
0 47 92
0 48 55
0 49 92
0 50 57
0 51 12
0 52 10
0 53 73
0 54 81
0 55 92
0 56 100
0 57 133
0 58 44
0 59 2
0 60 121
0 61 8
0 62 23
0 63 16
0 64 81
0 65 67
0 66 120
0 67 19
0 68 136
0 69 43
0 70 113
0 71 60
0 72 22
0 73 76
0 74 130
0 75 64
0 76 68
0 77 86
0 78 44
0 79 74
0 80 60
0 81 21
0 82 111
0 83 50
0 84 41
0 85 67
0 86 103
0 87 135
0 88 38
0 89 48
1 0 104
1 1 50
1 2 17
1 3 142
1 4 92
1 5 55
1 6 47
1 7 93
1 8 141
1 9 96
1 10 94
1 11 99
1 12 116
1 13 75
1 14 50
1 15 35
1 16 33
1 17 100
1 18 93
1 19 78
1 20 29
1 21 55
1 22 53
1 23 49
1 24 125
1 25 56
1 26 157
1 27 134
1 28 47
1 29 68
1 30 114
1 31 42
1 32 101
1 33 68
1 34 10
1 35 53
1 36 62
1 37 50
1 38 49
1 39 85
1 40 112
1 41 117
1 42 43
1 43 96
1 44 34
1 45 136
1 46 148
1 47 100
1 48 107
1 49 55
1 50 75
1 51 63
1 52 41
1 53 34
1 54 30
1 55 56
1 56 151
1 57 96
1 58 47
1 59 54
1 60 85
1 61 42
1 62 40
1 63 61
1 64 45
1 65 44
1 66 83
1 67 71
1 68 100
1 69 94
1 70 77
1 71 111
1 72 54
1 73 40
1 74 94
1 75 34
1 76 120
1 77 49
1 78 96
1 79 23
1 80 23
1 81 72
1 82 109
1 83 7
1 84 92
1 85 119
1 86 121
1 87 99
1 88 81
1 89 11
2 0 110
2 1 52
2 2 45
2 3 93
2 4 44
2 5 19
2 6 53
2 7 99
2 8 91
2 9 47
2 10 74
2 11 50
2 12 70
2 13 26
2 14 56
2 15 76
2 16 15
2 17 95
2 18 44
2 19 29
2 20 23
2 21 61
2 22 59
2 23 64
2 24 76
2 25 63
2 26 107
2 27 85
2 28 54
2 29 74
2 30 120
2 31 48
2 32 98
2 33 18
2 34 50
2 35 15
2 36 25
2 37 52
2 38 36
2 39 70
2 40 118
2 41 68
2 42 16
2 43 47
2 44 24
2 45 86
2 46 99
2 47 61
2 48 58
2 49 61
2 50 26
2 51 17
2 52 30
2 53 71
2 54 79
2 55 62
2 56 102
2 57 102
2 58 14
2 59 28
2 60 91
2 61 34
2 62 8
2 63 13
2 64 51
2 65 36
2 66 89
2 67 39
2 68 106
2 69 45
2 70 83
2 71 62
2 72 7
2 73 70
2 74 100
2 75 33
2 76 70
2 77 65
2 78 47
2 79 72
2 80 57
2 81 40
2 82 81
2 83 47
2 84 43
2 85 70
2 86 73
2 87 105
2 88 31
2 89 45
3 0 43
3 1 30
3 2 76
3 3 61
3 4 22
3 5 47
3 6 61
3 7 31
3 8 60
3 9 77
3 10 13
3 11 52
3 12 36
3 13 86
3 14 68
3 15 108
3 16 75
3 17 28
3 18 28
3 19 55
3 20 51
3 21 38
3 22 82
3 23 96
3 24 57
3 25 44
3 26 76
3 27 53
3 28 86
3 29 59
3 30 53
3 31 67
3 32 30
3 33 54
3 34 81
3 35 83
3 36 41
3 37 30
3 38 104
3 39 4
3 40 51
3 41 37
3 42 50
3 43 72
3 44 45
3 45 55
3 46 67
3 47 19
3 48 57
3 49 51
3 50 40
3 51 84
3 52 97
3 53 102
3 54 110
3 55 30
3 56 70
3 57 35
3 58 52
3 59 95
3 60 23
3 61 101
3 62 74
3 63 80
3 64 41
3 65 36
3 66 67
3 67 107
3 68 38
3 69 66
3 70 50
3 71 71
3 72 75
3 73 102
3 74 32
3 75 45
3 76 50
3 77 97
3 78 65
3 79 103
3 80 89
3 81 107
3 82 28
3 83 79
3 84 64
3 85 49
3 86 40
3 87 38
3 88 58
3 89 77
4 0 16
4 1 44
4 2 72
4 3 107
4 4 57
4 5 76
4 6 43
4 7 33
4 8 106
4 9 107
4 10 59
4 11 81
4 12 82
4 13 116
4 14 40
4 15 62
4 16 105
4 17 65
4 18 59
4 19 84
4 20 72
4 21 35
4 22 36
4 23 50
4 24 91
4 25 33
4 26 122
4 27 99
4 28 43
4 29 22
4 30 25
4 31 48
4 32 67
4 33 84
4 34 79
4 35 112
4 36 70
4 37 44
4 38 133
4 39 50
4 40 21
4 41 83
4 42 79
4 43 101
4 44 72
4 45 101
4 46 114
4 47 65
4 48 86
4 49 35
4 50 69
4 51 114
4 52 126
4 53 56
4 54 64
4 55 34
4 56 116
4 57 41
4 58 82
4 59 124
4 60 42
4 61 130
4 62 103
4 63 110
4 64 45
4 65 59
4 66 21
4 67 136
4 68 45
4 69 96
4 70 13
4 71 100
4 72 104
4 73 56
4 74 19
4 75 63
4 76 85
4 77 50
4 78 94
4 79 69
4 80 67
4 81 136
4 82 74
4 83 82
4 84 93
4 85 84
4 86 86
4 87 26
4 88 88
4 89 78
5 0 26
5 1 85
5 2 113
5 3 104
5 4 92
5 5 117
5 6 84
5 7 38
5 8 82
5 9 147
5 10 62
5 11 122
5 12 66
5 13 156
5 14 81
5 15 96
5 16 145
5 17 41
5 18 98
5 19 125
5 20 113
5 21 76
5 22 77
5 23 81
5 24 127
5 25 74
5 26 98
5 27 94
5 28 84
5 29 62
5 30 16
5 31 89
5 32 42
5 33 124
5 34 120
5 35 153
5 36 111
5 37 85
5 38 174
5 39 66
5 40 18
5 41 78
5 42 120
5 43 142
5 44 113
5 45 81
5 46 94
5 47 75
5 48 127
5 49 75
5 50 110
5 51 154
5 52 167
5 53 97
5 54 101
5 55 75
5 56 97
5 57 34
5 58 122
5 59 165
5 60 46
5 61 171
5 62 144
5 63 150
5 64 85
5 65 100
5 66 47
5 67 177
5 68 31
5 69 136
5 70 54
5 71 141
5 72 145
5 73 91
5 74 37
5 75 103
5 76 120
5 77 81
5 78 135
5 79 109
5 80 108
5 81 177
5 82 56
5 83 123
5 84 134
5 85 119
5 86 64
5 87 31
5 88 128
5 89 119
6 0 82
6 1 28
6 2 17
6 3 120
6 4 70
6 5 33
6 6 24
6 7 71
6 8 119
6 9 74
6 10 72
6 11 78
6 12 94
6 13 53
6 14 27
6 15 49
6 16 36
6 17 78
6 18 71
6 19 56
6 20 7
6 21 32
6 22 31
6 23 37
6 24 103
6 25 34
6 26 135
6 27 112
6 28 27
6 29 46
6 30 92
6 31 19
6 32 79
6 33 46
6 34 22
6 35 44
6 36 40
6 37 28
6 38 65
6 39 63
6 40 90
6 41 95
6 42 21
6 43 74
6 44 13
6 45 114
6 46 126
6 47 78
6 48 85
6 49 33
6 50 53
6 51 45
6 52 58
6 53 43
6 54 51
6 55 33
6 56 129
6 57 74
6 58 25
6 59 56
6 60 62
6 61 62
6 62 34
6 63 41
6 64 23
6 65 22
6 66 61
6 67 68
6 68 78
6 69 73
6 70 55
6 71 90
6 72 36
6 73 43
6 74 71
6 75 12
6 76 98
6 77 38
6 78 74
6 79 44
6 80 30
6 81 68
6 82 87
6 83 20
6 84 70
6 85 97
6 86 99
6 87 77
6 88 59
6 89 18
7 0 102
7 1 44
7 2 26
7 3 111
7 4 61
7 5 24
7 6 45
7 7 91
7 8 110
7 9 65
7 10 66
7 11 69
7 12 85
7 13 44
7 14 48
7 15 58
7 16 16
7 17 87
7 18 62
7 19 47
7 20 15
7 21 53
7 22 51
7 23 47
7 24 94
7 25 54
7 26 126
7 27 103
7 28 45
7 29 66
7 30 112
7 31 40
7 32 90
7 33 37
7 34 31
7 35 24
7 36 31
7 37 44
7 38 45
7 39 62
7 40 110
7 41 86
7 42 12
7 43 65
7 44 16
7 45 105
7 46 117
7 47 69
7 48 76
7 49 53
7 50 44
7 51 32
7 52 38
7 53 53
7 54 60
7 55 54
7 56 120
7 57 94
7 58 16
7 59 36
7 60 83
7 61 42
7 62 14
7 63 30
7 64 43
7 65 28
7 66 81
7 67 47
7 68 98
7 69 64
7 70 75
7 71 80
7 72 23
7 73 52
7 74 92
7 75 25
7 76 89
7 77 47
7 78 65
7 79 53
7 80 39
7 81 48
7 82 78
7 83 29
7 84 61
7 85 88
7 86 90
7 87 97
7 88 50
7 89 27
8 0 43
8 1 43
8 2 61
8 3 135
8 4 85
8 5 65
8 6 32
8 7 61
8 8 134
8 9 95
8 10 87
8 11 93
8 12 110
8 13 104
8 14 29
8 15 44
8 16 94
8 17 93
8 18 86
8 19 73
8 20 61
8 21 35
8 22 25
8 23 29
8 24 118
8 25 29
8 26 150
8 27 127
8 28 32
8 29 14
8 30 53
8 31 37
8 32 94
8 33 72
8 34 68
8 35 101
8 36 59
8 37 43
8 38 122
8 39 78
8 40 46
8 41 111
8 42 68
8 43 90
8 44 61
8 45 129
8 46 141
8 47 93
8 48 100
8 49 23
8 50 68
8 51 103
8 52 115
8 53 45
8 54 49
8 55 43
8 56 144
8 57 69
8 58 70
8 59 113
8 60 69
8 61 119
8 62 92
8 63 98
8 64 33
8 65 48
8 66 6
8 67 125
8 68 72
8 69 88
8 70 23
8 71 105
8 72 93
8 73 39
8 74 47
8 75 51
8 76 113
8 77 29
8 78 89
8 79 57
8 80 56
8 81 125
8 82 102
8 83 71
8 84 85
8 85 112
8 86 114
8 87 54
8 88 77
8 89 67
9 0 89
9 1 59
9 2 13
9 3 151
9 4 101
9 5 64
9 6 31
9 7 77
9 8 150
9 9 105
9 10 103
9 11 109
9 12 126
9 13 85
9 14 34
9 15 20
9 16 42
9 17 109
9 18 102
9 19 88
9 20 38
9 21 51
9 22 38
9 23 34
9 24 134
9 25 45
9 26 166
9 27 143
9 28 31
9 29 53
9 30 99
9 31 26
9 32 110
9 33 77
9 34 8
9 35 62
9 36 71
9 37 59
9 38 58
9 39 94
9 40 97
9 41 127
9 42 52
9 43 105
9 44 44
9 45 145
9 46 157
9 47 109
9 48 116
9 49 40
9 50 84
9 51 72
9 52 51
9 53 18
9 54 20
9 55 59
9 56 160
9 57 85
9 58 56
9 59 63
9 60 85
9 61 55
9 62 49
9 63 70
9 64 47
9 65 53
9 66 68
9 67 80
9 68 88
9 69 104
9 70 61
9 71 121
9 72 63
9 73 24
9 74 78
9 75 43
9 76 129
9 77 34
9 78 105
9 79 13
9 80 7
9 81 82
9 82 118
9 83 10
9 84 101
9 85 128
9 86 130
9 87 84
9 88 90
9 89 12
10 0 136
10 1 77
10 2 63
10 3 75
10 4 70
10 5 45
10 6 78
10 7 124
10 8 83
10 9 29
10 10 100
10 11 40
10 12 96
10 13 8
10 14 81
10 15 95
10 16 33
10 17 120
10 18 64
10 19 37
10 20 49
10 21 86
10 22 85
10 23 83
10 24 58
10 25 88
10 26 89
10 27 68
10 28 78
10 29 99
10 30 145
10 31 73
10 32 123
10 33 37
10 34 68
10 35 14
10 36 51
10 37 77
10 38 17
10 39 96
10 40 143
10 41 84
10 42 42
10 43 29
10 44 49
10 45 80
10 46 81
10 47 87
10 48 40
10 49 86
10 50 52
10 51 7
10 52 26
10 53 89
10 54 97
10 55 87
10 56 84
10 57 128
10 58 39
10 59 13
10 60 116
10 61 24
10 62 26
10 63 11
10 64 76
10 65 62
10 66 115
10 67 14
10 68 131
10 69 27
10 70 108
10 71 44
10 72 17
10 73 88
10 74 125
10 75 58
10 76 52
10 77 83
10 78 29
10 79 90
10 80 76
10 81 14
10 82 106
10 83 66
10 84 28
10 85 51
10 86 98
10 87 130
10 88 33
10 89 64
11 0 108
11 1 49
11 2 66
11 3 71
11 4 42
11 5 17
11 6 52
11 7 96
11 8 70
11 9 25
11 10 72
11 11 28
11 12 68
11 13 22
11 14 59
11 15 98
11 16 37
11 17 92
11 18 36
11 19 9
11 20 41
11 21 58
11 22 72
11 23 86
11 24 54
11 25 60
11 26 85
11 27 63
11 28 76
11 29 71
11 30 117
11 31 58
11 32 95
11 33 9
11 34 72
11 35 18
11 36 23
11 37 49
11 38 39
11 39 68
11 40 115
11 41 56
11 42 28
11 43 25
11 44 36
11 45 64
11 46 77
11 47 58
11 48 36
11 49 58
11 50 24
11 51 20
11 52 32
11 53 93
11 54 101
11 55 59
11 56 80
11 57 100
11 58 23
11 59 30
11 60 88
11 61 37
11 62 30
11 63 16
11 64 48
11 65 34
11 66 87
11 67 42
11 68 103
11 69 23
11 70 80
11 71 40
11 72 17
11 73 92
11 74 97
11 75 36
11 76 49
11 77 87
11 78 25
11 79 94
11 80 79
11 81 42
11 82 78
11 83 69
11 84 21
11 85 48
11 86 70
11 87 102
11 88 10
11 89 67
12 0 98
12 1 39
12 2 73
12 3 64
12 4 32
12 5 22
12 6 58
12 7 86
12 8 63
12 9 22
12 10 62
12 11 22
12 12 58
12 13 31
12 14 65
12 15 105
12 16 44
12 17 83
12 18 26
12 19 1
12 20 48
12 21 48
12 22 79
12 23 93
12 24 47
12 25 50
12 26 79
12 27 56
12 28 83
12 29 62
12 30 108
12 31 64
12 32 85
12 33 9
12 34 78
12 35 28
12 36 15
12 37 39
12 38 49
12 39 58
12 40 106
12 41 46
12 42 34
12 43 18
12 44 42
12 45 58
12 46 70
12 47 49
12 48 29
12 49 49
12 50 14
12 51 30
12 52 42
12 53 99
12 54 107
12 55 49
12 56 73
12 57 90
12 58 30
12 59 40
12 60 78
12 61 46
12 62 37
12 63 25
12 64 39
12 65 33
12 66 77
12 67 52
12 68 93
12 69 17
12 70 70
12 71 34
12 72 23
12 73 99
12 74 87
12 75 43
12 76 42
12 77 94
12 78 18
12 79 100
12 80 86
12 81 52
12 82 68
12 83 76
12 84 14
12 85 41
12 86 60
12 87 93
12 88 3
12 89 74
13 0 115
13 1 57
13 2 28
13 3 112
13 4 61
13 5 25
13 6 58
13 7 104
13 8 110
13 9 66
13 10 80
13 11 69
13 12 86
13 13 45
13 14 61
13 15 58
13 16 3
13 17 100
13 18 63
13 19 48
13 20 29
13 21 66
13 22 65
13 23 60
13 24 95
13 25 68
13 26 126
13 27 104
13 28 58
13 29 79
13 30 125
13 31 53
13 32 103
13 33 37
13 34 31
13 35 22
13 36 32
13 37 57
13 38 31
13 39 75
13 40 123
13 41 87
13 42 22
13 43 66
13 44 29
13 45 105
13 46 118
13 47 69
13 48 77
13 49 66
13 50 44
13 51 32
13 52 25
13 53 52
13 54 60
13 55 67
13 56 121
13 57 108
13 58 19
13 59 23
13 60 96
13 61 29
13 62 10
13 63 30
13 64 56
13 65 42
13 66 95
13 67 40
13 68 111
13 69 64
13 70 88
13 71 81
13 72 23
13 73 51
13 74 105
13 75 38
13 76 89
13 77 61
13 78 66
13 79 53
13 80 39
13 81 42
13 82 86
13 83 28
13 84 62
13 85 88
13 86 90
13 87 110
13 88 50
13 89 27
14 0 127
14 1 68
14 2 86
14 3 51
14 4 61
14 5 36
14 6 71
14 7 115
14 8 74
14 9 5
14 10 91
14 11 31
14 12 87
14 13 14
14 14 79
14 15 118
14 16 57
14 17 111
14 18 55
14 19 28
14 20 61
14 21 77
14 22 92
14 23 106
14 24 34
14 25 79
14 26 66
14 27 59
14 28 96
14 29 90
14 30 136
14 31 77
14 32 114
14 33 28
14 34 91
14 35 37
14 36 42
14 37 68
14 38 41
14 39 87
14 40 134
14 41 75
14 42 47
14 43 11
14 44 55
14 45 71
14 46 58
14 47 78
14 48 26
14 49 78
14 50 43
14 51 27
14 52 49
14 53 112
14 54 120
14 55 78
14 56 60
14 57 119
14 58 43
14 59 36
14 60 107
14 61 47
14 62 50
14 63 29
14 64 67
14 65 53
14 66 106
14 67 23
14 68 122
14 69 16
14 70 99
14 71 21
14 72 36
14 73 112
14 74 116
14 75 56
14 76 33
14 77 107
14 78 18
14 79 113
14 80 99
14 81 23
14 82 97
14 83 89
14 84 19
14 85 34
14 86 89
14 87 121
14 88 24
14 89 87
15 0 116
15 1 58
15 2 91
15 3 46
15 4 50
15 5 40
15 6 77
15 7 105
15 8 63
15 9 4
15 10 80
15 11 21
15 12 76
15 13 20
15 14 84
15 15 123
15 16 62
15 17 101
15 18 44
15 19 18
15 20 66
15 21 66
15 22 97
15 23 111
15 24 29
15 25 68
15 26 61
15 27 49
15 28 101
15 29 80
15 30 126
15 31 82
15 32 103
15 33 27
15 34 96
15 35 42
15 36 33
15 37 58
15 38 46
15 39 76
15 40 124
15 41 64
15 42 52
15 43 1
15 44 61
15 45 61
15 46 52
15 47 67
15 48 15
15 49 67
15 50 32
15 51 32
15 52 54
15 53 118
15 54 126
15 55 68
15 56 55
15 57 108
15 58 48
15 59 41
15 60 97
15 61 53
15 62 55
15 63 34
15 64 57
15 65 51
15 66 95
15 67 34
15 68 112
15 69 6
15 70 89
15 71 15
15 72 41
15 73 117
15 74 106
15 75 61
15 76 24
15 77 112
15 78 7
15 79 119
15 80 104
15 81 34
15 82 87
15 83 94
15 84 9
15 85 23
15 86 79
15 87 111
15 88 14
15 89 92
16 0 114
16 1 64
16 2 110
16 3 36
16 4 48
16 5 58
16 6 95
16 7 102
16 8 61
16 9 17
16 10 78
16 11 18
16 12 74
16 13 38
16 14 102
16 15 141
16 16 80
16 17 99
16 18 42
16 19 35
16 20 85
16 21 71
16 22 115
16 23 129
16 24 13
16 25 78
16 26 49
16 27 46
16 28 119
16 29 92
16 30 124
16 31 101
16 32 101
16 33 46
16 34 115
16 35 61
16 36 51
16 37 63
16 38 64
16 39 74
16 40 122
16 41 62
16 42 71
16 43 17
16 44 79
16 45 59
16 46 46
16 47 65
16 48 13
16 49 85
16 50 39
16 51 51
16 52 73
16 53 136
16 54 144
16 55 65
16 56 43
16 57 106
16 58 67
16 59 60
16 60 94
16 61 71
16 62 73
16 63 53
16 64 75
16 65 69
16 66 101
16 67 43
16 68 109
16 69 19
16 70 86
16 71 2
16 72 60
16 73 135
16 74 103
16 75 79
16 76 20
16 77 130
16 78 17
16 79 137
16 80 122
16 81 41
16 82 85
16 83 112
16 84 21
16 85 21
16 86 77
16 87 109
16 88 33
16 89 110
17 0 92
17 1 73
17 2 119
17 3 18
17 4 31
17 5 68
17 6 104
17 7 80
17 8 39
17 9 29
17 10 56
17 11 23
17 12 52
17 13 47
17 14 111
17 15 151
17 16 90
17 17 76
17 18 29
17 19 44
17 20 94
17 21 81
17 22 125
17 23 139
17 24 8
17 25 87
17 26 33
17 27 24
17 28 129
17 29 102
17 30 101
17 31 110
17 32 79
17 33 55
17 34 124
17 35 70
17 36 61
17 37 73
17 38 73
17 39 52
17 40 99
17 41 40
17 42 80
17 43 27
17 44 88
17 45 36
17 46 25
17 47 43
17 48 16
17 49 94
17 50 48
17 51 60
17 52 82
17 53 145
17 54 153
17 55 73
17 56 27
17 57 84
17 58 76
17 59 69
17 60 72
17 61 80
17 62 82
17 63 62
17 64 84
17 65 79
17 66 110
17 67 58
17 68 87
17 69 28
17 70 93
17 71 22
17 72 69
17 73 145
17 74 81
17 75 88
17 76 3
17 77 140
17 78 27
17 79 146
17 80 132
17 81 58
17 82 62
17 83 122
17 84 31
17 85 4
17 86 54
17 87 86
17 88 42
17 89 120
18 0 68
18 1 69
18 2 115
18 3 47
18 4 35
18 5 64
18 6 100
18 7 51
18 8 23
18 9 91
18 10 25
18 11 65
18 12 9
18 13 100
18 14 107
18 15 147
18 16 89
18 17 19
18 18 41
18 19 68
18 20 90
18 21 77
18 22 121
18 23 135
18 24 70
18 25 83
18 26 37
18 27 37
18 28 125
18 29 98
18 30 59
18 31 106
18 32 17
18 33 68
18 34 120
18 35 96
18 36 57
18 37 69
18 38 117
18 39 34
18 40 66
18 41 22
18 42 76
18 43 85
18 44 84
18 45 25
18 46 38
18 47 19
18 48 70
18 49 90
18 50 53
18 51 98
18 52 111
18 53 141
18 54 149
18 55 69
18 56 40
18 57 43
18 58 72
18 59 109
18 60 43
18 61 115
18 62 87
18 63 94
18 64 80
18 65 75
18 66 106
18 67 120
18 68 39
18 69 80
18 70 89
18 71 85
18 72 88
18 73 141
18 74 65
18 75 84
18 76 63
18 77 136
18 78 78
18 79 142
18 80 128
18 81 121
18 82 10
18 83 118
18 84 77
18 85 63
18 86 7
18 87 58
18 88 72
18 89 116
19 0 95
19 1 36
19 2 78
19 3 59
19 4 29
19 5 27
19 6 63
19 7 83
19 8 58
19 9 25
19 10 59
19 11 17
19 12 55
19 13 34
19 14 70
19 15 110
19 16 49
19 17 80
19 18 23
19 19 3
19 20 53
19 21 45
19 22 84
19 23 98
19 24 43
19 25 47
19 26 74
19 27 51
19 28 88
19 29 61
19 30 105
19 31 69
19 32 82
19 33 14
19 34 83
19 35 31
19 36 20
19 37 36
19 38 52
19 39 55
19 40 103
19 41 43
19 42 39
19 43 20
19 44 47
19 45 53
19 46 66
19 47 46
19 48 24
19 49 53
19 50 11
19 51 32
19 52 45
19 53 104
19 54 112
19 55 46
19 56 68
19 57 87
19 58 35
19 59 43
19 60 75
19 61 49
19 62 41
19 63 28
19 64 43
19 65 38
19 66 74
19 67 55
19 68 90
19 69 14
19 70 67
19 71 29
19 72 28
19 73 104
19 74 84
19 75 47
19 76 37
19 77 98
19 78 13
19 79 105
19 80 91
19 81 55
19 82 65
19 83 81
19 84 12
19 85 36
19 86 57
19 87 90
19 88 6
19 89 79
20 0 60
20 1 30
20 2 26
20 3 122
20 4 72
20 5 35
20 6 2
20 7 48
20 8 121
20 9 76
20 10 74
20 11 80
20 12 96
20 13 69
20 14 8
20 15 47
20 16 58
20 17 80
20 18 73
20 19 58
20 20 26
20 21 22
20 22 21
20 23 35
20 24 105
20 25 15
20 26 137
20 27 114
20 28 25
20 29 24
20 30 70
20 31 6
20 32 81
20 33 48
20 34 33
20 35 66
20 36 42
20 37 30
20 38 87
20 39 65
20 40 68
20 41 97
20 42 33
20 43 76
20 44 26
20 45 116
20 46 128
20 47 80
20 48 87
20 49 11
20 50 55
20 51 67
20 52 80
20 53 42
20 54 50
20 55 30
20 56 131
20 57 56
20 58 35
20 59 78
20 60 56
20 61 84
20 62 57
20 63 63
20 64 18
20 65 24
20 66 39
20 67 90
20 68 59
20 69 75
20 70 32
20 71 91
20 72 58
20 73 41
20 74 49
20 75 16
20 76 100
20 77 36
20 78 76
20 79 43
20 80 28
20 81 90
20 82 89
20 83 36
20 84 72
20 85 99
20 86 101
20 87 55
20 88 61
20 89 32
21 0 70
21 1 40
21 2 86
21 3 51
21 4 4
21 5 35
21 6 71
21 7 58
21 8 50
21 9 51
21 10 34
21 11 25
21 12 30
21 13 59
21 14 78
21 15 118
21 16 57
21 17 54
21 18 3
21 19 28
21 20 61
21 21 48
21 22 92
21 23 106
21 24 34
21 25 54
21 26 66
21 27 43
21 28 96
21 29 69
21 30 79
21 31 77
21 32 57
21 33 28
21 34 91
21 35 56
21 36 28
21 37 40
21 38 77
21 39 30
21 40 77
21 41 27
21 42 47
21 43 45
21 44 55
21 45 45
21 46 58
21 47 21
21 48 30
21 49 61
21 50 15
21 51 58
21 52 70
21 53 112
21 54 120
21 55 40
21 56 60
21 57 62
21 58 43
21 59 68
21 60 50
21 61 74
21 62 49
21 63 54
21 64 51
21 65 46
21 66 77
21 67 80
21 68 65
21 69 40
21 70 60
21 71 44
21 72 48
21 73 112
21 74 59
21 75 55
21 76 29
21 77 107
21 78 38
21 79 113
21 80 99
21 81 80
21 82 40
21 83 89
21 84 37
21 85 28
21 86 32
21 87 64
21 88 32
21 89 87
22 0 16
22 1 74
22 2 103
22 3 93
22 4 82
22 5 107
22 6 74
22 7 27
22 8 88
22 9 137
22 10 52
22 11 111
22 12 63
22 13 146
22 14 71
22 15 85
22 16 135
22 17 47
22 18 88
22 19 114
22 20 103
22 21 66
22 22 67
22 23 71
22 24 117
22 25 64
22 26 104
22 27 84
22 28 74
22 29 52
22 30 7
22 31 79
22 32 48
22 33 114
22 34 110
22 35 143
22 36 101
22 37 74
22 38 164
22 39 56
22 40 8
22 41 68
22 42 110
22 43 131
22 44 102
22 45 83
22 46 95
22 47 65
22 48 117
22 49 65
22 50 100
22 51 144
22 52 157
22 53 87
22 54 91
22 55 65
22 56 98
22 57 24
22 58 112
22 59 155
22 60 36
22 61 161
22 62 133
22 63 140
22 64 75
22 65 90
22 66 40
22 67 167
22 68 26
22 69 126
22 70 43
22 71 131
22 72 135
22 73 81
22 74 27
22 75 93
22 76 110
22 77 71
22 78 125
22 79 99
22 80 97
22 81 167
22 82 56
22 83 113
22 84 124
22 85 109
22 86 68
22 87 21
22 88 118
22 89 109
23 0 55
23 1 41
23 2 87
23 3 51
23 4 10
23 5 36
23 6 72
23 7 43
23 8 49
23 9 65
23 10 19
23 11 40
23 12 25
23 13 74
23 14 79
23 15 119
23 16 64
23 17 39
23 18 16
23 19 43
23 20 62
23 21 48
23 22 92
23 23 107
23 24 45
23 25 55
23 26 65
23 27 43
23 28 96
23 29 69
23 30 65
23 31 78
23 32 42
23 33 42
23 34 92
23 35 71
23 36 29
23 37 40
23 38 92
23 39 15
23 40 62
23 41 26
23 42 48
23 43 60
23 44 56
23 45 44
23 46 57
23 47 8
23 48 45
23 49 62
23 50 28
23 51 73
23 52 85
23 53 113
23 54 121
23 55 40
23 56 60
23 57 47
23 58 44
23 59 83
23 60 35
23 61 89
23 62 62
23 63 68
23 64 52
23 65 46
23 66 78
23 67 95
23 68 50
23 69 55
23 70 60
23 71 59
23 72 63
23 73 112
23 74 44
23 75 56
23 76 38
23 77 107
23 78 53
23 79 114
23 80 100
23 81 95
23 82 25
23 83 90
23 84 52
23 85 37
23 86 29
23 87 49
23 88 47
23 89 88
24 0 63
24 1 19
24 2 26
24 3 111
24 4 61
24 5 27
24 6 12
24 7 52
24 8 110
24 9 65
24 10 63
24 11 69
24 12 86
24 13 66
24 14 19
24 15 58
24 16 55
24 17 69
24 18 62
24 19 48
24 20 23
24 21 14
24 22 32
24 23 46
24 24 94
24 25 15
24 26 126
24 27 103
24 28 36
24 29 27
24 30 73
24 31 17
24 32 70
24 33 37
24 34 31
24 35 62
24 36 31
24 37 19
24 38 83
24 39 54
24 40 71
24 41 86
24 42 30
24 43 65
24 44 22
24 45 105
24 46 117
24 47 69
24 48 76
24 49 14
24 50 44
24 51 64
24 52 77
24 53 52
24 54 60
24 55 19
24 56 120
24 57 55
24 58 32
24 59 75
24 60 45
24 61 81
24 62 53
24 63 60
24 64 7
24 65 13
24 66 42
24 67 86
24 68 59
24 69 64
24 70 36
24 71 81
24 72 54
24 73 52
24 74 53
24 75 13
24 76 89
24 77 47
24 78 65
24 79 53
24 80 39
24 81 87
24 82 78
24 83 33
24 84 61
24 85 88
24 86 90
24 87 58
24 88 50
24 89 29
25 0 137
25 1 79
25 2 50
25 3 96
25 4 71
25 5 46
25 6 79
25 7 126
25 8 95
25 9 50
25 10 101
25 11 54
25 12 97
25 13 29
25 14 82
25 15 73
25 16 18
25 17 122
25 18 65
25 19 39
25 20 50
25 21 87
25 22 86
25 23 82
25 24 79
25 25 89
25 26 111
25 27 88
25 28 79
25 29 101
25 30 147
25 31 74
25 32 124
25 33 39
25 34 46
25 35 10
25 36 52
25 37 79
25 38 10
25 39 97
25 40 145
25 41 85
25 42 43
25 43 50
25 44 51
25 45 90
25 46 102
25 47 88
25 48 61
25 49 88
25 50 53
25 51 17
25 52 4
25 53 67
25 54 75
25 55 88
25 56 105
25 57 129
25 58 41
25 59 8
25 60 117
25 61 7
25 62 20
25 63 15
25 64 78
25 65 63
25 66 116
25 67 25
25 68 133
25 69 49
25 70 110
25 71 66
25 72 18
25 73 72
25 74 126
25 75 60
25 76 74
25 77 82
25 78 50
25 79 68
25 80 56
25 81 27
25 82 108
25 83 44
25 84 46
25 85 73
25 86 100
25 87 132
25 88 35
25 89 44
26 0 75
26 1 70
26 2 24
26 3 163
26 4 112
26 5 75
26 6 39
26 7 88
26 8 161
26 9 117
26 10 115
26 11 120
26 12 137
26 13 96
26 14 32
26 15 7
26 16 54
26 17 121
26 18 114
26 19 99
26 20 49
26 21 63
26 22 24
26 23 20
26 24 146
26 25 56
26 26 177
26 27 155
26 28 17
26 29 42
26 30 85
26 31 33
26 32 122
26 33 88
26 34 19
26 35 73
26 36 83
26 37 71
26 38 72
26 39 106
26 40 83
26 41 138
26 42 63
26 43 117
26 44 55
26 45 156
26 46 169
26 47 120
26 48 128
26 49 49
26 50 95
26 51 83
26 52 65
26 53 4
26 54 9
26 55 71
26 56 172
26 57 97
26 58 67
26 59 74
26 60 97
26 61 69
26 62 61
26 63 81
26 64 59
26 65 65
26 66 54
26 67 91
26 68 100
26 69 115
26 70 51
26 71 132
26 72 74
26 73 10
26 74 74
26 75 55
26 76 140
26 77 20
26 78 117
26 79 7
26 80 11
26 81 93
26 82 130
26 83 22
26 84 113
26 85 139
26 86 141
26 87 81
26 88 101
26 89 23
27 0 63
27 1 13
27 2 59
27 3 79
27 4 28
27 5 27
27 6 44
27 7 51
27 8 77
27 9 57
27 10 31
27 11 36
27 12 53
27 13 66
27 14 51
27 15 91
27 16 56
27 17 48
27 18 30
27 19 35
27 20 34
27 21 20
27 22 64
27 23 79
27 24 62
27 25 27
27 26 93
27 27 71
27 28 68
27 29 41
27 30 73
27 31 50
27 32 50
27 33 34
27 34 64
27 35 63
27 36 21
27 37 12
27 38 84
27 39 23
27 40 71
27 41 54
27 42 30
27 43 52
27 44 28
27 45 72
27 46 85
27 47 36
27 48 44
27 49 34
27 50 20
27 51 65
27 52 77
27 53 85
27 54 93
27 55 14
27 56 88
27 57 55
27 58 32
27 59 75
27 60 43
27 61 81
27 62 54
27 63 60
27 64 24
27 65 18
27 66 50
27 67 87
27 68 58
27 69 47
27 70 35
27 71 51
27 72 55
27 73 84
27 74 52
27 75 28
27 76 56
27 77 79
27 78 45
27 79 86
27 80 72
27 81 87
27 82 46
27 83 62
27 84 44
27 85 55
27 86 57
27 87 58
27 88 38
27 89 60
28 0 88
28 1 62
28 2 108
28 3 29
28 4 22
28 5 57
28 6 93
28 7 77
28 8 35
28 9 32
28 10 52
28 11 12
28 12 48
28 13 41
28 14 100
28 15 140
28 16 79
28 17 73
28 18 18
28 19 33
28 20 83
28 21 69
28 22 114
28 23 128
28 24 13
28 25 76
28 26 44
28 27 21
28 28 118
28 29 91
28 30 98
28 31 99
28 32 75
28 33 44
28 34 113
28 35 59
28 36 50
28 37 62
28 38 62
28 39 48
28 40 96
28 41 36
28 42 69
28 43 26
28 44 77
28 45 33
28 46 36
28 47 39
28 48 12
28 49 83
28 50 37
28 51 49
28 52 71
28 53 134
28 54 142
28 55 61
28 56 38
28 57 80
28 58 65
28 59 58
28 60 69
28 61 69
28 62 71
28 63 51
28 64 73
28 65 68
28 66 99
28 67 62
28 68 84
28 69 21
28 70 82
28 71 26
28 72 58
28 73 134
28 74 78
28 75 77
28 76 7
28 77 128
28 78 20
28 79 135
28 80 121
28 81 62
28 82 59
28 83 111
28 84 20
28 85 6
28 86 51
28 87 83
28 88 31
28 89 109
29 0 3
29 1 58
29 2 87
29 3 94
29 4 66
29 5 91
29 6 57
29 7 20
29 8 93
29 9 121
29 10 46
29 11 95
29 12 69
29 13 130
29 14 54
29 15 75
29 16 119
29 17 52
29 18 72
29 19 98
29 20 87
29 21 50
29 22 51
29 23 63
29 24 101
29 25 48
29 26 109
29 27 86
29 28 57
29 29 36
29 30 12
29 31 62
29 32 54
29 33 98
29 34 94
29 35 127
29 36 85
29 37 58
29 38 148
29 39 40
29 40 7
29 41 70
29 42 94
29 43 115
29 44 86
29 45 88
29 46 101
29 47 52
29 48 101
29 49 49
29 50 84
29 51 128
29 52 141
29 53 70
29 54 77
29 55 48
29 56 103
29 57 28
29 58 96
29 59 139
29 60 29
29 61 145
29 62 117
29 63 124
29 64 59
29 65 74
29 66 34
29 67 151
29 68 32
29 69 110
29 70 27
29 71 115
29 72 118
29 73 69
29 74 10
29 75 77
29 76 94
29 77 63
29 78 109
29 79 83
29 80 81
29 81 151
29 82 61
29 83 97
29 84 107
29 85 93
29 86 73
29 87 13
29 88 102
29 89 93
30 0 117
30 1 58
30 2 31
30 3 107
30 4 56
30 5 26
30 6 59
30 7 105
30 8 105
30 9 61
30 10 81
30 11 64
30 12 81
30 13 40
30 14 62
30 15 62
30 16 1
30 17 102
30 18 58
30 19 43
30 20 30
30 21 67
30 22 66
30 23 62
30 24 90
30 25 69
30 26 121
30 27 99
30 28 59
30 29 81
30 30 127
30 31 54
30 32 104
30 33 32
30 34 36
30 35 17
30 36 32
30 37 58
30 38 30
30 39 77
30 40 125
30 41 82
30 42 23
30 43 61
30 44 30
30 45 100
30 46 113
30 47 68
30 48 72
30 49 68
30 50 39
30 51 27
30 52 23
30 53 57
30 54 65
30 55 68
30 56 116
30 57 109
30 58 21
30 59 21
30 60 97
30 61 27
30 62 5
30 63 25
30 64 58
30 65 43
30 66 96
30 67 35
30 68 112
30 69 59
30 70 89
30 71 76
30 72 18
30 73 56
30 74 106
30 75 40
30 76 84
30 77 62
30 78 61
30 79 58
30 80 43
30 81 37
30 82 87
30 83 33
30 84 57
30 85 84
30 86 85
30 87 112
30 88 45
30 89 31
31 0 35
31 1 38
31 2 67
31 3 126
31 4 76
31 5 71
31 6 37
31 7 52
31 8 125
31 9 101
31 10 78
31 11 84
31 12 101
31 13 110
31 14 34
31 15 49
31 16 99
31 17 84
31 18 77
31 19 78
31 20 67
31 21 30
31 22 31
31 23 35
31 24 109
31 25 28
31 26 141
31 27 118
31 28 37
31 29 16
31 30 44
31 31 42
31 32 85
31 33 78
31 34 74
31 35 107
31 36 65
31 37 38
31 38 128
31 39 69
31 40 37
31 41 102
31 42 74
31 43 95
31 44 66
31 45 120
31 46 132
31 47 84
31 48 91
31 49 29
31 50 64
31 51 108
31 52 121
31 53 50
31 54 55
31 55 34
31 56 135
31 57 60
31 58 76
31 59 119
31 60 60
31 61 125
31 62 97
31 63 104
31 64 39
31 65 54
31 66 2
31 67 131
31 68 63
31 69 90
31 70 14
31 71 96
31 72 98
31 73 44
31 74 38
31 75 57
31 76 104
31 77 35
31 78 89
31 79 63
31 80 61
31 81 131
31 82 93
31 83 77
31 84 87
31 85 103
31 86 105
31 87 45
31 88 82
31 89 73
32 0 28
32 1 32
32 2 74
32 3 63
32 4 40
32 5 65
32 6 59
32 7 14
32 8 62
32 9 95
32 10 15
32 11 69
32 12 38
32 13 104
32 14 67
32 15 106
32 16 93
32 17 21
32 18 46
32 19 72
32 20 61
32 21 36
32 22 80
32 23 94
32 24 75
32 25 42
32 26 78
32 27 55
32 28 84
32 29 57
32 30 35
32 31 65
32 32 22
32 33 72
32 34 79
32 35 101
32 36 59
32 37 32
32 38 122
32 39 14
32 40 33
32 41 39
32 42 68
32 43 89
32 44 60
32 45 57
32 46 69
32 47 23
32 48 75
32 49 49
32 50 58
32 51 102
32 52 115
32 53 100
32 54 108
32 55 28
32 56 72
32 57 17
32 58 70
32 59 113
32 60 6
32 61 119
32 62 91
32 63 98
32 64 40
32 65 48
32 66 65
32 67 125
32 68 21
32 69 84
32 70 48
32 71 89
32 72 92
32 73 100
32 74 24
32 75 51
32 76 68
32 77 95
32 78 83
32 79 101
32 80 87
32 81 125
32 82 30
32 83 77
32 84 81
32 85 67
32 86 42
32 87 20
32 88 76
32 89 75
33 0 124
33 1 65
33 2 36
33 3 113
33 4 63
33 5 33
33 6 66
33 7 112
33 8 112
33 9 67
33 10 88
33 11 70
33 12 87
33 13 46
33 14 69
33 15 56
33 16 4
33 17 108
33 18 64
33 19 49
33 20 37
33 21 74
33 22 73
33 23 68
33 24 96
33 25 76
33 26 127
33 27 105
33 28 66
33 29 87
33 30 133
33 31 61
33 32 111
33 33 39
33 34 30
33 35 23
33 36 39
33 37 65
33 38 23
33 39 84
33 40 131
33 41 88
33 42 30
33 43 67
33 44 37
33 45 106
33 46 119
33 47 74
33 48 78
33 49 74
33 50 46
33 51 34
33 52 16
33 53 53
33 54 59
33 55 75
33 56 122
33 57 116
33 58 27
33 59 25
33 60 104
33 61 21
33 62 11
33 63 32
33 64 64
33 65 50
33 66 103
33 67 42
33 68 119
33 69 65
33 70 96
33 71 82
33 72 24
33 73 59
33 74 113
33 75 46
33 76 91
33 77 69
33 78 67
33 79 52
33 80 42
33 81 43
33 82 94
33 83 27
33 84 63
33 85 90
33 86 92
33 87 118
33 88 52
33 89 31
34 0 88
34 1 64
34 2 110
34 3 27
34 4 22
34 5 59
34 6 95
34 7 76
34 8 35
34 9 32
34 10 52
34 11 14
34 12 48
34 13 41
34 14 102
34 15 142
34 16 81
34 17 73
34 18 21
34 19 35
34 20 85
34 21 72
34 22 116
34 23 130
34 24 12
34 25 78
34 26 42
34 27 20
34 28 120
34 29 93
34 30 98
34 31 101
34 32 75
34 33 46
34 34 115
34 35 61
34 36 52
34 37 64
34 38 65
34 39 48
34 40 96
34 41 36
34 42 71
34 43 26
34 44 79
34 45 33
34 46 33
34 47 39
34 48 12
34 49 85
34 50 39
34 51 51
34 52 73
34 53 136
34 54 144
34 55 64
34 56 36
34 57 80
34 58 67
34 59 60
34 60 68
34 61 71
34 62 74
34 63 53
34 64 76
34 65 70
34 66 101
34 67 62
34 68 83
34 69 21
34 70 84
34 71 26
34 72 60
34 73 136
34 74 77
34 75 80
34 76 5
34 77 131
34 78 20
34 79 137
34 80 123
34 81 62
34 82 59
34 83 113
34 84 22
34 85 4
34 86 51
34 87 83
34 88 33
34 89 111
35 0 62
35 1 63
35 2 109
35 3 30
35 4 21
35 5 58
35 6 94
35 7 45
35 8 27
35 9 74
35 10 19
35 11 48
35 12 6
35 13 83
35 14 101
35 15 141
35 16 80
35 17 31
35 18 24
35 19 51
35 20 84
35 21 71
35 22 115
35 23 129
35 24 54
35 25 77
35 26 43
35 27 20
35 28 119
35 29 92
35 30 56
35 31 100
35 32 34
35 33 51
35 34 114
35 35 79
35 36 51
35 37 63
35 38 100
35 39 28
35 40 60
35 41 5
35 42 70
35 43 68
35 44 78
35 45 22
35 46 35
35 47 13
35 48 53
35 49 84
35 50 38
35 51 81
35 52 94
35 53 135
35 54 143
35 55 63
35 56 37
35 57 38
35 58 66
35 59 92
35 60 37
35 61 98
35 62 73
35 63 77
35 64 74
35 65 69
35 66 100
35 67 103
35 68 42
35 69 63
35 70 83
35 71 68
35 72 71
35 73 135
35 74 59
35 75 78
35 76 46
35 77 130
35 78 61
35 79 136
35 80 122
35 81 104
35 82 17
35 83 112
35 84 60
35 85 46
35 86 9
35 87 52
35 88 55
35 89 110
36 0 34
36 1 61
36 2 90
36 3 80
36 4 68
36 5 94
36 6 66
36 7 17
36 8 56
36 9 124
36 10 39
36 11 98
36 12 43
36 13 133
36 14 73
36 15 113
36 16 122
36 17 18
36 18 74
36 19 101
36 20 90
36 21 52
36 22 87
36 23 101
36 24 104
36 25 50
36 26 71
36 27 70
36 28 91
36 29 64
36 30 25
36 31 72
36 32 16
36 33 101
36 34 96
36 35 129
36 36 87
36 37 61
36 38 150
36 39 43
36 40 32
36 41 55
36 42 97
36 43 118
36 44 89
36 45 58
36 46 71
36 47 52
36 48 103
36 49 56
36 50 87
36 51 131
36 52 144
36 53 107
36 54 115
36 55 51
36 56 73
36 57 11
36 58 99
36 59 142
36 60 22
36 61 148
36 62 120
36 63 127
36 64 62
36 65 77
36 66 72
36 67 153
36 68 7
36 69 113
36 70 55
36 71 118
36 72 121
36 73 107
36 74 31
36 75 80
36 76 96
36 77 101
36 78 111
36 79 108
36 80 94
36 81 154
36 82 32
36 83 99
36 84 110
36 85 96
36 86 40
36 87 24
36 88 105
36 89 95
37 0 71
37 1 25
37 2 20
37 3 117
37 4 67
37 5 30
37 6 14
37 7 60
37 8 116
37 9 71
37 10 69
37 11 74
37 12 91
37 13 58
37 14 16
37 15 52
37 16 47
37 17 75
37 18 68
37 19 53
37 20 15
37 21 21
37 22 26
37 23 40
37 24 100
37 25 23
37 26 132
37 27 109
37 28 30
37 29 35
37 30 81
37 31 12
37 32 76
37 33 43
37 34 26
37 35 55
37 36 37
37 37 25
37 38 76
37 39 60
37 40 79
37 41 92
37 42 22
37 43 71
37 44 14
37 45 111
37 46 123
37 47 75
37 48 82
37 49 22
37 50 50
37 51 56
37 52 69
37 53 47
37 54 55
37 55 25
37 56 126
37 57 63
37 58 24
37 59 67
37 60 52
37 61 73
37 62 45
37 63 52
37 64 13
37 65 19
37 66 50
37 67 79
37 68 67
37 69 69
37 70 44
37 71 86
37 72 47
37 73 46
37 74 61
37 75 9
37 76 95
37 77 41
37 78 71
37 79 48
37 80 33
37 81 79
37 82 84
37 83 25
37 84 67
37 85 94
37 86 96
37 87 66
37 88 56
37 89 21
38 0 86
38 1 64
38 2 18
38 3 157
38 4 106
38 5 70
38 6 33
38 7 82
38 8 155
38 9 111
38 10 109
38 11 114
38 12 131
38 13 90
38 14 32
38 15 17
38 16 48
38 17 115
38 18 108
38 19 93
38 20 43
38 21 57
38 22 36
38 23 31
38 24 140
38 25 50
38 26 171
38 27 149
38 28 29
38 29 50
38 30 96
38 31 27
38 32 116
38 33 82
38 34 13
38 35 67
38 36 77
38 37 65
38 38 64
38 39 100
38 40 94
38 41 132
38 42 57
38 43 111
38 44 49
38 45 150
38 46 163
38 47 114
38 48 122
38 49 43
38 50 89
38 51 78
38 52 55
38 53 16
38 54 15
38 55 65
38 56 166
38 57 91
38 58 61
38 59 68
38 60 91
38 61 58
38 62 55
38 63 75
38 64 53
38 65 59
38 66 66
38 67 85
38 68 94
38 69 109
38 70 59
38 71 126
38 72 68
38 73 22
38 74 76
38 75 49
38 76 134
38 77 31
38 78 111
38 79 8
38 80 6
38 81 87
38 82 124
38 83 16
38 84 107
38 85 134
38 86 135
38 87 81
38 88 95
38 89 18
39 0 45
39 1 46
39 2 92
39 3 47
39 4 36
39 5 61
39 6 77
39 7 28
39 8 44
39 9 91
39 10 6
39 11 65
39 12 20
39 13 100
39 14 84
39 15 124
39 16 89
39 17 14
39 18 42
39 19 68
39 20 67
39 21 53
39 22 98
39 23 112
39 24 71
39 25 60
39 26 60
39 27 38
39 28 102
39 29 75
39 30 39
39 31 83
39 32 16
39 33 68
39 34 97
39 35 97
39 36 55
39 37 46
39 38 118
39 39 11
39 40 43
39 41 22
39 42 64
39 43 85
39 44 61
39 45 39
39 46 52
39 47 19
39 48 71
39 49 67
39 50 54
39 51 98
39 52 111
39 53 118
39 54 126
39 55 45
39 56 54
39 57 21
39 58 66
39 59 109
39 60 19
39 61 115
39 62 87
39 63 94
39 64 57
39 65 52
39 66 83
39 67 121
39 68 25
39 69 80
39 70 66
39 71 85
39 72 89
39 73 118
39 74 42
39 75 61
39 76 64
39 77 112
39 78 79
39 79 119
39 80 105
39 81 121
39 82 12
39 83 95
39 84 77
39 85 63
39 86 24
39 87 35
39 88 72
39 89 93
40 0 103
40 1 45
40 2 19
40 3 118
40 4 68
40 5 31
40 6 46
40 7 92
40 8 117
40 9 72
40 10 70
40 11 76
40 12 93
40 13 52
40 14 48
40 15 51
40 16 15
40 17 88
40 18 69
40 19 55
40 20 16
40 21 53
40 22 52
40 23 48
40 24 101
40 25 55
40 26 133
40 27 110
40 28 46
40 29 67
40 30 113
40 31 41
40 32 90
40 33 44
40 34 24
40 35 29
40 36 38
40 37 45
40 38 44
40 39 63
40 40 111
40 41 94
40 42 19
40 43 72
40 44 17
40 45 112
40 46 124
40 47 76
40 48 83
40 49 54
40 50 51
40 51 39
40 52 37
40 53 45
40 54 53
40 55 55
40 56 127
40 57 95
40 58 23
40 59 35
40 60 84
40 61 41
40 62 16
40 63 37
40 64 44
40 65 29
40 66 82
40 67 47
40 68 99
40 69 71
40 70 76
40 71 88
40 72 30
40 73 45
40 74 93
40 75 26
40 76 96
40 77 48
40 78 72
40 79 46
40 80 32
40 81 49
40 82 85
40 83 22
40 84 68
40 85 95
40 86 97
40 87 98
40 88 57
40 89 20
41 0 64
41 1 16
41 2 61
41 3 76
41 4 26
41 5 26
41 6 47
41 7 52
41 8 75
41 9 56
41 10 28
41 11 33
41 12 50
41 13 65
41 14 54
41 15 93
41 16 54
41 17 49
41 18 27
41 19 34
41 20 36
41 21 23
41 22 67
41 23 81
41 24 59
41 25 30
41 26 91
41 27 68
41 28 71
41 29 44
41 30 74
41 31 53
41 32 51
41 33 33
41 34 67
41 35 62
41 36 20
41 37 15
41 38 83
41 39 24
41 40 72
41 41 51
41 42 29
41 43 51
41 44 31
41 45 70
41 46 82
41 47 33
41 48 41
41 49 37
41 50 19
41 51 63
41 52 76
41 53 88
41 54 96
41 55 15
41 56 85
41 57 56
41 58 31
41 59 74
41 60 44
41 61 80
41 62 53
41 63 59
41 64 27
41 65 21
41 66 53
41 67 86
41 68 59
41 69 45
41 70 36
41 71 50
41 72 54
41 73 87
41 74 53
41 75 31
41 76 54
41 77 82
41 78 44
41 79 89
41 80 74
41 81 86
41 82 43
41 83 64
41 84 43
41 85 53
41 86 55
41 87 59
41 88 37
41 89 62
42 0 63
42 1 63
42 2 109
42 3 34
42 4 23
42 5 58
42 6 95
42 7 45
42 8 27
42 9 78
42 10 19
42 11 52
42 12 2
42 13 87
42 14 102
42 15 141
42 16 80
42 17 27
42 18 29
42 19 55
42 20 84
42 21 71
42 22 115
42 23 129
42 24 58
42 25 78
42 26 43
42 27 25
42 28 119
42 29 92
42 30 53
42 31 101
42 32 29
42 33 55
42 34 114
42 35 84
42 36 51
42 37 63
42 38 105
42 39 28
42 40 61
42 41 9
42 42 70
42 43 72
42 44 79
42 45 22
42 46 34
42 47 13
42 48 58
42 49 85
42 50 41
42 51 85
42 52 98
42 53 136
42 54 144
42 55 63
42 56 37
42 57 37
42 58 66
42 59 96
42 60 37
42 61 102
42 62 74
42 63 81
42 64 75
42 65 69
42 66 101
42 67 108
42 68 38
42 69 67
42 70 83
42 71 72
42 72 76
42 73 135
42 74 60
42 75 79
42 76 51
42 77 130
42 78 66
42 79 137
42 80 122
42 81 108
42 82 13
42 83 112
42 84 64
42 85 50
42 86 7
42 87 52
42 88 59
42 89 110
43 0 107
43 1 49
43 2 50
43 3 87
43 4 41
43 5 16
43 6 50
43 7 96
43 8 86
43 9 42
43 10 71
43 11 45
43 12 67
43 13 22
43 14 53
43 15 82
43 16 21
43 17 92
43 18 39
43 19 24
43 20 25
43 21 57
43 22 56
43 23 70
43 24 70
43 25 59
43 26 102
43 27 79
43 28 60
43 29 71
43 30 117
43 31 45
43 32 94
43 33 13
43 34 55
43 35 19
43 36 22
43 37 49
43 38 40
43 39 67
43 40 115
43 41 63
43 42 13
43 43 41
43 44 21
43 45 81
43 46 93
43 47 58
43 48 52
43 49 58
43 50 23
43 51 20
43 52 33
43 53 76
43 54 84
43 55 59
43 56 96
43 57 99
43 58 11
43 59 31
43 60 88
43 61 37
43 62 14
43 63 16
43 64 48
43 65 33
43 66 86
43 67 43
43 68 103
43 69 40
43 70 80
43 71 57
43 72 10
43 73 76
43 74 97
43 75 30
43 76 65
43 77 71
43 78 41
43 79 77
43 80 63
43 81 43
43 82 78
43 83 53
43 84 37
43 85 64
43 86 70
43 87 102
43 88 26
43 89 51
44 0 97
44 1 39
44 2 27
44 3 111
44 4 61
44 5 24
44 6 40
44 7 86
44 8 109
44 9 65
44 10 63
44 11 68
44 12 85
44 13 44
44 14 43
44 15 58
44 16 21
44 17 82
44 18 62
44 19 47
44 20 11
44 21 48
44 22 47
44 23 46
44 24 94
44 25 50
44 26 125
44 27 103
44 28 40
44 29 61
44 30 107
44 31 35
44 32 85
44 33 36
44 34 32
44 35 28
44 36 31
44 37 39
44 38 49
44 39 57
44 40 105
44 41 86
44 42 11
44 43 65
44 44 11
44 45 104
44 46 117
44 47 68
44 48 76
44 49 48
44 50 43
44 51 32
44 52 43
44 53 53
44 54 61
44 55 49
44 56 120
44 57 90
44 58 15
44 59 41
44 60 78
44 61 47
44 62 19
44 63 30
44 64 38
44 65 24
44 66 77
44 67 52
44 68 93
44 69 63
44 70 70
44 71 80
44 72 22
44 73 52
44 74 87
44 75 20
44 76 88
44 77 47
44 78 65
44 79 54
44 80 39
44 81 53
44 82 78
44 83 29
44 84 61
44 85 88
44 86 90
44 87 92
44 88 49
44 89 27
45 0 96
45 1 38
45 2 64
45 3 73
45 4 31
45 5 13
45 6 50
45 7 85
45 8 72
45 9 27
45 10 60
45 11 30
45 12 56
45 13 33
45 14 57
45 15 96
45 16 35
45 17 81
45 18 25
45 19 9
45 20 39
45 21 47
45 22 70
45 23 84
45 24 56
45 25 49
45 26 87
45 27 65
45 28 74
45 29 60
45 30 106
45 31 56
45 32 84
45 33 1
45 34 70
45 35 29
45 36 12
45 37 38
45 38 50
45 39 56
45 40 104
45 41 48
45 42 26
45 43 27
45 44 34
45 45 66
45 46 79
45 47 47
45 48 38
45 49 47
45 50 12
45 51 31
45 52 44
45 53 91
45 54 99
45 55 48
45 56 82
45 57 88
45 58 22
45 59 42
45 60 77
45 61 48
45 62 28
45 63 27
45 64 37
45 65 24
45 66 76
45 67 53
45 68 92
45 69 25
45 70 69
45 71 42
45 72 21
45 73 90
45 74 86
45 75 34
45 76 50
45 77 85
45 78 27
45 79 92
45 80 77
45 81 54
45 82 67
45 83 67
45 84 23
45 85 50
45 86 59
45 87 91
45 88 12
45 89 65
46 0 75
46 1 74
46 2 28
46 3 166
46 4 116
46 5 79
46 6 43
46 7 92
46 8 165
46 9 121
46 10 118
46 11 124
46 12 141
46 13 100
46 14 36
46 15 3
46 16 57
46 17 124
46 18 118
46 19 103
46 20 53
46 21 66
46 22 22
46 23 11
46 24 149
46 25 60
46 26 181
46 27 158
46 28 18
46 29 45
46 30 84
46 31 37
46 32 125
46 33 92
46 34 26
46 35 77
46 36 86
46 37 74
46 38 80
46 39 109
46 40 77
46 41 142
46 42 67
46 43 120
46 44 59
46 45 160
46 46 172
46 47 124
46 48 131
46 49 53
46 50 99
46 51 87
46 52 73
46 53 3
46 54 8
46 55 74
46 56 175
46 57 100
46 58 71
46 59 78
46 60 100
46 61 78
46 62 64
46 63 85
46 64 63
46 65 68
46 66 46
46 67 95
46 68 103
46 69 119
46 70 54
46 71 136
46 72 78
46 73 2
46 74 78
46 75 58
46 76 144
46 77 12
46 78 120
46 79 16
46 80 15
46 81 97
46 82 133
46 83 29
46 84 116
46 85 143
46 86 145
46 87 85
46 88 105
46 89 27
47 0 129
47 1 70
47 2 57
47 3 80
47 4 63
47 5 38
47 6 71
47 7 117
47 8 79
47 9 34
47 10 93
47 11 38
47 12 89
47 13 14
47 14 74
47 15 89
47 16 28
47 17 114
47 18 57
47 19 30
47 20 42
47 21 79
47 22 78
47 23 77
47 24 63
47 25 81
47 26 95
47 27 72
47 28 71
47 29 93
47 30 139
47 31 66
47 32 116
47 33 31
47 34 62
47 35 8
47 36 44
47 37 70
47 38 18
47 39 89
47 40 136
47 41 77
47 42 35
47 43 34
47 44 42
47 45 74
47 46 86
47 47 80
47 48 45
47 49 80
47 50 45
47 51 1
47 52 20
47 53 83
47 54 91
47 55 80
47 56 89
47 57 121
47 58 33
47 59 9
47 60 109
47 61 18
47 62 21
47 63 5
47 64 70
47 65 55
47 66 108
47 67 21
47 68 124
47 69 33
47 70 101
47 71 50
47 72 10
47 73 83
47 74 118
47 75 52
47 76 58
47 77 78
47 78 34
47 79 84
47 80 70
47 81 21
47 82 99
47 83 60
47 84 30
47 85 57
47 86 91
47 87 124
47 88 26
47 89 58
48 0 19
48 1 78
48 2 106
48 3 97
48 4 85
48 5 110
48 6 77
48 7 31
48 8 90
48 9 140
48 10 55
48 11 115
48 12 65
48 13 149
48 14 74
48 15 89
48 16 139
48 17 49
48 18 91
48 19 118
48 20 106
48 21 69
48 22 70
48 23 74
48 24 120
48 25 67
48 26 105
48 27 87
48 28 77
48 29 55
48 30 9
48 31 82
48 32 50
48 33 117
48 34 113
48 35 146
48 36 104
48 37 78
48 38 167
48 39 59
48 40 11
48 41 71
48 42 113
48 43 135
48 44 106
48 45 85
48 46 97
48 47 68
48 48 120
48 49 68
48 50 103
48 51 147
48 52 160
48 53 90
48 54 94
48 55 68
48 56 100
48 57 27
48 58 115
48 59 158
48 60 39
48 61 164
48 62 137
48 63 143
48 64 78
48 65 93
48 66 40
48 67 170
48 68 28
48 69 129
48 70 47
48 71 134
48 72 138
48 73 84
48 74 30
48 75 96
48 76 113
48 77 74
48 78 128
48 79 102
48 80 101
48 81 170
48 82 58
48 83 116
48 84 127
48 85 112
48 86 70
48 87 24
48 88 121
48 89 112
49 0 93
49 1 48
49 2 94
49 3 43
49 4 27
49 5 43
49 6 79
49 7 81
49 8 42
49 9 28
49 10 57
49 11 2
49 12 53
49 13 37
49 14 86
49 15 126
49 16 65
49 17 77
49 18 21
49 19 19
49 20 69
49 21 55
49 22 100
49 23 114
49 24 26
49 25 62
49 26 58
49 27 35
49 28 104
49 29 77
49 30 102
49 31 85
49 32 80
49 33 30
49 34 99
49 35 45
49 36 36
49 37 48
49 38 54
49 39 52
49 40 100
49 41 40
49 42 55
49 43 22
49 44 63
49 45 37
49 46 50
49 47 43
49 48 8
49 49 69
49 50 23
49 51 35
49 52 57
49 53 120
49 54 128
49 55 47
49 56 52
49 57 85
49 58 51
49 59 46
49 60 73
49 61 55
49 62 57
49 63 37
49 64 59
49 65 54
49 66 85
49 67 57
49 68 88
49 69 17
49 70 68
49 71 22
49 72 44
49 73 120
49 74 82
49 75 63
49 76 21
49 77 114
49 78 15
49 79 121
49 80 107
49 81 58
49 82 63
49 83 97
49 84 14
49 85 20
49 86 55
49 87 87
49 88 17
49 89 95
50 0 128
50 1 70
50 2 80
50 3 57
50 4 62
50 5 37
50 6 71
50 7 117
50 8 75
50 9 12
50 10 92
50 11 33
50 12 88
50 13 8
50 14 73
50 15 112
50 16 51
50 17 113
50 18 56
50 19 30
50 20 55
50 21 78
50 22 86
50 23 100
50 24 40
50 25 80
50 26 72
50 27 60
50 28 90
50 29 92
50 30 138
50 31 71
50 32 115
50 33 30
50 34 85
50 35 31
50 36 43
50 37 70
50 38 35
50 39 88
50 40 136
50 41 76
50 42 41
50 43 13
50 44 49
50 45 73
50 46 63
50 47 79
50 48 27
50 49 79
50 50 44
50 51 21
50 52 43
50 53 106
50 54 114
50 55 80
50 56 66
50 57 120
50 58 37
50 59 30
50 60 109
50 61 41
50 62 44
50 63 23
50 64 69
50 65 54
50 66 107
50 67 22
50 68 124
50 69 18
50 70 101
50 71 27
50 72 30
50 73 106
50 74 118
50 75 51
50 76 35
50 77 101
50 78 19
50 79 107
50 80 93
50 81 22
50 82 99
50 83 83
50 84 21
50 85 35
50 86 91
50 87 123
50 88 26
50 89 81
51 0 80
51 1 31
51 2 77
51 3 61
51 4 15
51 5 25
51 6 62
51 7 69
51 8 60
51 9 40
51 10 45
51 11 18
51 12 41
51 13 49
51 14 69
51 15 108
51 16 47
51 17 65
51 18 12
51 19 17
51 20 51
51 21 38
51 22 82
51 23 96
51 24 44
51 25 45
51 26 75
51 27 53
51 28 86
51 29 59
51 30 90
51 31 68
51 32 68
51 33 17
51 34 82
51 35 45
51 36 18
51 37 30
51 38 66
51 39 40
51 40 88
51 41 36
51 42 38
51 43 34
51 44 46
51 45 54
51 46 67
51 47 31
51 48 26
51 49 52
51 50 5
51 51 47
51 52 59
51 53 103
51 54 111
51 55 32
51 56 70
51 57 73
51 58 34
51 59 58
51 60 61
51 61 64
51 62 40
51 63 43
51 64 42
51 65 36
51 66 68
51 67 69
51 68 76
51 69 29
51 70 53
51 71 34
51 72 37
51 73 102
51 74 70
51 75 46
51 76 38
51 77 97
51 78 27
51 79 104
51 80 89
51 81 70
51 82 51
51 83 79
51 84 26
51 85 38
51 86 43
51 87 75
51 88 21
51 89 77
52 0 4
52 1 63
52 2 92
52 3 92
52 4 70
52 5 95
52 6 62
52 7 18
52 8 91
52 9 126
52 10 44
52 11 100
52 12 67
52 13 135
52 14 59
52 15 77
52 16 124
52 17 50
52 18 76
52 19 103
52 20 91
52 21 54
52 22 55
52 23 65
52 24 105
52 25 52
52 26 107
52 27 84
52 28 62
52 29 41
52 30 10
52 31 67
52 32 52
52 33 103
52 34 98
52 35 131
52 36 89
52 37 63
52 38 152
52 39 44
52 40 3
52 41 68
52 42 98
52 43 120
52 44 91
52 45 86
52 46 99
52 47 54
52 48 105
52 49 54
52 50 88
52 51 133
52 52 145
52 53 75
52 54 80
52 55 53
52 56 101
52 57 26
52 58 101
52 59 143
52 60 27
52 61 150
52 62 122
52 63 129
52 64 64
52 65 78
52 66 36
52 67 155
52 68 30
52 69 115
52 70 32
52 71 120
52 72 123
52 73 71
52 74 15
52 75 82
52 76 98
52 77 65
52 78 113
52 79 88
52 80 86
52 81 155
52 82 59
52 83 101
52 84 112
52 85 97
52 86 71
52 87 11
52 88 107
52 89 97
53 0 36
53 1 36
53 2 82
53 3 55
53 4 28
53 5 54
53 6 67
53 7 25
53 8 54
53 9 84
53 10 7
53 11 58
53 12 30
53 13 93
53 14 74
53 15 114
53 16 82
53 17 21
53 18 34
53 19 61
53 20 57
53 21 44
53 22 88
53 23 102
53 24 64
53 25 50
53 26 70
53 27 47
53 28 92
53 29 65
53 30 46
53 31 73
53 32 24
53 33 61
53 34 87
53 35 89
53 36 47
53 37 36
53 38 110
53 39 3
53 40 44
53 41 31
53 42 57
53 43 78
53 44 51
53 45 49
53 46 61
53 47 13
53 48 63
53 49 57
53 50 47
53 51 91
53 52 104
53 53 108
53 54 116
53 55 36
53 56 64
53 57 28
53 58 59
53 59 102
53 60 17
53 61 108
53 62 80
53 63 87
53 64 47
53 65 42
53 66 73
53 67 113
53 68 32
53 69 73
53 70 56
53 71 78
53 72 81
53 73 108
53 74 32
53 75 51
53 76 56
53 77 103
53 78 71
53 79 109
53 80 95
53 81 114
53 82 22
53 83 85
53 84 70
53 85 56
53 86 34
53 87 31
53 88 65
53 89 83
54 0 47
54 1 36
54 2 82
54 3 56
54 4 18
54 5 43
54 6 67
54 7 35
54 8 54
54 9 73
54 10 11
54 11 48
54 12 30
54 13 82
54 14 74
54 15 113
54 16 71
54 17 32
54 18 24
54 19 50
54 20 56
54 21 43
54 22 87
54 23 101
54 24 53
54 25 50
54 26 70
54 27 48
54 28 91
54 29 64
54 30 57
54 31 73
54 32 34
54 33 50
54 34 87
54 35 79
54 36 37
54 37 35
54 38 100
54 39 7
54 40 55
54 41 31
54 42 46
54 43 67
54 44 51
54 45 49
54 46 62
54 47 13
54 48 53
54 49 57
54 50 36
54 51 80
54 52 93
54 53 108
54 54 116
54 55 35
54 56 65
54 57 39
54 58 48
54 59 91
54 60 27
54 61 97
54 62 70
54 63 76
54 64 47
54 65 41
54 66 73
54 67 103
54 68 42
54 69 62
54 70 55
54 71 67
54 72 71
54 73 107
54 74 36
54 75 51
54 76 46
54 77 102
54 78 61
54 79 109
54 80 94
54 81 103
54 82 23
54 83 84
54 84 60
54 85 45
54 86 35
54 87 42
54 88 54
54 89 82
55 0 65
55 1 40
55 2 21
55 3 132
55 4 82
55 5 45
55 6 9
55 7 58
55 8 131
55 9 87
55 10 84
55 11 90
55 12 107
55 13 66
55 14 10
55 15 37
55 16 53
55 17 90
55 18 84
55 19 69
55 20 21
55 21 33
55 22 14
55 23 25
55 24 116
55 25 26
55 26 147
55 27 124
55 28 15
55 29 29
55 30 75
55 31 3
55 32 92
55 33 58
55 34 28
55 35 61
55 36 52
55 37 40
55 38 82
55 39 75
55 40 73
55 41 108
55 42 33
55 43 87
55 44 25
55 45 126
55 46 139
55 47 90
55 48 97
55 49 19
55 50 65
55 51 62
55 52 75
55 53 31
55 54 39
55 55 41
55 56 141
55 57 66
55 58 37
55 59 73
55 60 67
55 61 79
55 62 51
55 63 58
55 64 29
55 65 34
55 66 44
55 67 85
55 68 70
55 69 85
55 70 38
55 71 102
55 72 53
55 73 31
55 74 54
55 75 25
55 76 110
55 77 25
55 78 86
55 79 32
55 80 18
55 81 85
55 82 99
55 83 31
55 84 82
55 85 109
55 86 111
55 87 60
55 88 71
55 89 27
56 0 27
56 1 30
56 2 59
56 3 106
56 4 56
56 5 63
56 6 29
56 7 32
56 8 105
56 9 93
56 10 58
56 11 67
56 12 80
56 13 102
56 14 26
56 15 63
56 16 91
56 17 64
56 18 57
56 19 70
56 20 59
56 21 21
56 22 37
56 23 51
56 24 89
56 25 19
56 26 121
56 27 98
56 28 41
56 29 14
56 30 37
56 31 34
56 32 65
56 33 70
56 34 66
56 35 98
56 36 56
56 37 30
56 38 119
56 39 49
56 40 35
56 41 81
56 42 66
56 43 87
56 44 58
56 45 100
56 46 112
56 47 63
56 48 72
56 49 21
56 50 56
56 51 100
56 52 113
56 53 58
56 54 66
56 55 20
56 56 115
56 57 40
56 58 68
56 59 111
56 60 40
56 61 117
56 62 89
56 63 96
56 64 31
56 65 46
56 66 23
56 67 122
56 68 43
56 69 82
56 70 5
56 71 87
56 72 90
56 73 57
56 74 17
56 75 49
56 76 84
56 77 52
56 78 80
56 79 59
56 80 53
56 81 123
56 82 73
56 83 68
56 84 79
56 85 83
56 86 85
56 87 25
56 88 74
56 89 64
57 0 80
57 1 22
57 2 48
57 3 89
57 4 39
57 5 10
57 6 33
57 7 69
57 8 88
57 9 44
57 10 44
57 11 47
57 12 64
57 13 49
57 14 40
57 15 80
57 16 38
57 17 65
57 18 41
57 19 26
57 20 23
57 21 30
57 22 54
57 23 68
57 24 73
57 25 32
57 26 104
57 27 81
57 28 58
57 29 44
57 30 90
57 31 39
57 32 67
57 33 17
57 34 53
57 35 46
57 36 9
57 37 22
57 38 67
57 39 40
57 40 88
57 41 65
57 42 13
57 43 44
57 44 17
57 45 83
57 46 96
57 47 47
57 48 54
57 49 31
57 50 22
57 51 47
57 52 60
57 53 74
57 54 82
57 55 32
57 56 98
57 57 72
57 58 15
57 59 58
57 60 61
57 61 64
57 62 36
57 63 43
57 64 21
57 65 8
57 66 59
57 67 70
57 68 76
57 69 42
57 70 53
57 71 59
57 72 37
57 73 74
57 74 70
57 75 17
57 76 67
57 77 68
57 78 43
57 79 75
57 80 61
57 81 70
57 82 56
57 83 51
57 84 39
57 85 66
57 86 68
57 87 75
57 88 28
57 89 49
58 0 96
58 1 39
58 2 85
58 3 53
58 4 30
58 5 33
58 6 70
58 7 84
58 8 51
58 9 24
58 10 60
58 11 10
58 12 56
58 13 33
58 14 77
58 15 116
58 16 55
58 17 81
58 18 24
58 19 10
58 20 60
58 21 46
58 22 90
58 23 104
58 24 36
58 25 53
58 26 67
58 27 45
58 28 94
58 29 67
58 30 106
58 31 76
58 32 83
58 33 21
58 34 90
58 35 36
58 36 26
58 37 38
58 38 51
58 39 56
58 40 104
58 41 44
58 42 46
58 43 19
58 44 54
58 45 46
58 46 59
58 47 47
58 48 18
58 49 60
58 50 14
58 51 31
58 52 48
58 53 111
58 54 119
58 55 47
58 56 62
58 57 88
58 58 42
58 59 42
58 60 76
58 61 48
58 62 48
58 63 27
58 64 50
58 65 44
58 66 76
58 67 54
58 68 91
58 69 13
58 70 68
58 71 22
58 72 35
58 73 110
58 74 85
58 75 54
58 76 30
58 77 105
58 78 12
58 79 112
58 80 97
58 81 54
58 82 66
58 83 87
58 84 11
58 85 30
58 86 58
58 87 91
58 88 8
58 89 85
59 0 92
59 1 62
59 2 108
59 3 30
59 4 26
59 5 57
59 6 93
59 7 81
59 8 39
59 9 28
59 10 56
59 11 12
59 12 52
59 13 37
59 14 100
59 15 140
59 16 78
59 17 77
59 18 21
59 19 33
59 20 83
59 21 69
59 22 113
59 23 128
59 24 13
59 25 76
59 26 44
59 27 25
59 28 117
59 29 90
59 30 102
59 31 99
59 32 80
59 33 44
59 34 113
59 35 59
59 36 49
59 37 61
59 38 62
59 39 52
59 40 100
59 41 40
59 42 69
59 43 22
59 44 77
59 45 37
59 46 36
59 47 43
59 48 7
59 49 83
59 50 37
59 51 49
59 52 71
59 53 134
59 54 142
59 55 61
59 56 39
59 57 84
59 58 65
59 59 58
59 60 73
59 61 69
59 62 71
59 63 51
59 64 73
59 65 67
59 66 99
59 67 57
59 68 88
59 69 17
59 70 81
59 71 22
59 72 58
59 73 133
59 74 82
59 75 77
59 76 7
59 77 128
59 78 15
59 79 135
59 80 121
59 81 58
59 82 63
59 83 111
59 84 19
59 85 6
59 86 55
59 87 87
59 88 31
59 89 109

p_i (production capacity of plants I):
80 89 90 92 91 87 81 81 97 82 83 87 89 87 84 97 80 99 100 97 88 93 97 91 91 100 84 93 81 99

q_j (supply capacity of distribution centers C):
0 248
1 279
2 260
3 453
4 101
5 279
6 359
7 488
8 101
9 431
10 250
11 140
12 293
13 468
14 194
15 412
16 266
17 327
18 153
19 475
20 405
21 481
22 373
23 201
24 304
25 425
26 447
27 136
28 198
29 205
30 469
31 283
32 318
33 498
34 346
35 245
36 434
37 383
38 378
39 183
40 298
41 113
42 233
43 473
44 115
45 491
46 420
47 444
48 182
49 499
50 198
51 287
52 194
53 151
54 169
55 465
56 409
57 151
58 238
59 162

c_j (activation cost of distribution centers C):
0 1124
1 1139
2 1130
3 1226
4 1050
5 1139
6 1179
7 1244
8 1050
9 1215
10 1125
11 1070
12 1146
13 1234
14 1097
15 1206
16 1133
17 1163
18 1076
19 1237
20 1202
21 1240
22 1186
23 1100
24 1152
25 1212
26 1223
27 1068
28 1099
29 1102
30 1234
31 1141
32 1159
33 1249
34 1173
35 1122
36 1217
37 1191
38 1189
39 1091
40 1149
41 1056
42 1116
43 1236
44 1057
45 1245
46 1210
47 1222
48 1091
49 1249
50 1099
51 1143
52 1097
53 1075
54 1084
55 1232
56 1204
57 1075
58 1119
59 1081

d_r (demand of regional centers R):
0 9
1 28
2 8
3 21
4 28
5 13
6 21
7 31
8 10
9 21
10 38
11 40
12 12
13 39
14 12
15 26
16 23
17 24
18 33
19 20
20 5
21 10
22 12
23 11
24 33
25 29
26 27
27 16
28 13
29 29
30 5
31 31
32 18
33 20
34 5
35 31
36 13
37 10
38 16
39 39
40 22
41 31
42 15
43 29
44 24
45 9
46 6
47 12
48 30
49 22
50 8
51 39
52 17
53 24
54 24
55 40
56 26
57 6
58 14
59 24
60 23
61 17
62 32
63 18
64 36
65 7
66 32
67 9
68 14
69 15
70 8
71 40
72 19
73 9
74 33
75 17
76 30
77 32
78 39
79 28
80 9
81 18
82 10
83 33
84 7
85 39
86 24
87 6
88 18
89 7

N_c (set of plants that can serve each distribution center j):
0: [0, 1, 2, 3, 4, 5, 6, 7, 8, 9, 10, 11, 12, 13, 14, 15, 16, 17, 18, 19, 20, 21, 22, 23, 24, 25, 26, 27, 28, 29]
1: [0, 1, 2, 3, 4, 5, 6, 7, 8, 9, 10, 11, 13, 14, 15, 16, 17, 18, 19, 20, 21, 22, 23, 24, 25, 26, 27, 28, 29]
2: [0, 1, 2, 3, 4, 5, 6, 7, 8, 9, 10, 11, 12, 13, 14, 15, 16, 17, 18, 19, 20, 21, 22, 23, 24, 25, 26, 27, 28, 29]
3: [0, 1, 2, 3, 4, 5, 6, 7, 8, 9, 10, 11, 12, 13, 14, 15, 16, 17, 18, 19, 20, 21, 22, 23, 24, 25, 26, 27, 28, 29]
4: [0, 1, 2, 3, 4, 5, 6, 7, 8, 9, 10, 11, 12, 13, 14, 15, 16, 17, 18, 19, 20, 21, 22, 23, 24, 25, 26, 27, 28, 29]
5: [1, 2, 3, 4, 5, 7, 8, 9, 10, 11, 12, 13, 14, 15, 16, 17, 18, 19, 20, 21, 22, 24, 25, 26, 27, 28, 29]
6: [0, 1, 2, 3, 4, 5, 6, 7, 8, 9, 10, 11, 12, 13, 14, 15, 16, 17, 18, 19, 20, 21, 22, 23, 24, 25, 26, 27, 28, 29]
7: [0, 1, 2, 3, 4, 5, 6, 7, 8, 9, 10, 11, 12, 13, 14, 15, 16, 17, 18, 19, 20, 21, 22, 23, 24, 25, 26, 27, 28, 29]
8: [0, 1, 2, 3, 4, 5, 6, 7, 8, 9, 10, 11, 12, 13, 14, 15, 16, 17, 18, 19, 20, 21, 22, 23, 24, 25, 26, 27, 28, 29]
9: [0, 1, 2, 3, 4, 5, 6, 7, 8, 9, 10, 11, 13, 14, 15, 16, 17, 18, 19, 20, 21, 22, 23, 24, 25, 26, 27, 28, 29]
10: [0, 1, 2, 3, 4, 5, 6, 7, 8, 9, 10, 11, 12, 13, 14, 15, 16, 17, 18, 19, 20, 21, 22, 23, 24, 25, 26, 27, 28, 29]
11: [0, 1, 2, 3, 4, 5, 6, 7, 8, 9, 10, 11, 12, 13, 14, 15, 16, 17, 18, 19, 20, 21, 22, 23, 24, 25, 26, 27, 28, 29]
12: [0, 1, 2, 3, 4, 5, 6, 7, 8, 9, 10, 11, 12, 13, 14, 15, 16, 17, 18, 19, 20, 21, 22, 23, 24, 25, 26, 27, 28, 29]
13: [0, 1, 2, 3, 4, 5, 6, 7, 8, 9, 10, 11, 12, 13, 14, 15, 16, 17, 18, 19, 20, 21, 22, 23, 24, 25, 26, 27, 28, 29]
14: [0, 1, 2, 3, 4, 5, 6, 7, 8, 9, 10, 11, 12, 13, 14, 15, 16, 17, 18, 19, 20, 21, 22, 23, 24, 25, 26, 27, 28, 29]
15: [0, 1, 2, 3, 4, 5, 6, 7, 8, 9, 10, 11, 12, 13, 14, 15, 16, 17, 18, 19, 20, 21, 22, 23, 24, 25, 26, 27, 28, 29]
16: [0, 1, 2, 3, 4, 5, 6, 7, 8, 9, 10, 11, 12, 13, 14, 15, 16, 17, 18, 19, 20, 21, 22, 23, 24, 25, 26, 27, 28, 29]
17: [0, 1, 3, 4, 5, 6, 7, 8, 9, 10, 11, 12, 13, 14, 15, 16, 17, 18, 19, 20, 21, 22, 23, 24, 25, 26, 27, 28, 29]
18: [0, 1, 2, 3, 4, 5, 6, 7, 8, 9, 10, 11, 12, 13, 14, 15, 16, 17, 18, 19, 20, 21, 22, 23, 24, 25, 26, 27, 28, 29]
19: [0, 1, 2, 3, 4, 5, 6, 7, 8, 9, 10, 11, 12, 13, 14, 15, 16, 17, 18, 19, 20, 21, 22, 23, 24, 25, 26, 27, 28, 29]
20: [0, 1, 2, 3, 4, 5, 6, 7, 8, 9, 10, 11, 12, 13, 14, 15, 16, 17, 18, 19, 20, 21, 22, 23, 24, 25, 26, 27, 28, 29]
21: [0, 1, 2, 3, 4, 5, 6, 7, 8, 9, 10, 11, 12, 13, 14, 15, 16, 17, 18, 19, 20, 21, 22, 23, 24, 25, 26, 27, 28, 29]
22: [1, 2, 3, 4, 5, 7, 8, 9, 10, 11, 12, 13, 14, 15, 16, 17, 18, 19, 20, 21, 22, 23, 24, 25, 26, 27, 28, 29]
23: [0, 1, 2, 3, 4, 5, 6, 7, 8, 9, 10, 11, 12, 13, 14, 15, 16, 17, 18, 19, 20, 21, 22, 23, 24, 25, 26, 27, 28, 29]
24: [0, 1, 2, 3, 4, 5, 6, 7, 8, 9, 10, 11, 12, 13, 14, 15, 16, 17, 18, 19, 20, 21, 22, 23, 24, 25, 26, 27, 28, 29]
25: [0, 1, 2, 3, 4, 5, 6, 7, 8, 9, 10, 11, 12, 13, 14, 15, 16, 17, 18, 19, 20, 21, 22, 23, 24, 25, 26, 27, 28, 29]
26: [0, 1, 2, 3, 4, 5, 6, 7, 8, 9, 10, 13, 14, 15, 16, 17, 18, 19, 20, 21, 22, 23, 24, 25, 26, 27, 28, 29]
27: [0, 1, 2, 3, 4, 5, 6, 7, 8, 9, 10, 11, 12, 13, 14, 15, 16, 17, 18, 19, 20, 21, 22, 23, 24, 25, 26, 27, 28, 29]
28: [0, 1, 2, 3, 4, 5, 6, 7, 8, 9, 10, 11, 12, 13, 14, 15, 16, 17, 18, 19, 20, 21, 22, 23, 24, 25, 26, 27, 28, 29]
29: [1, 2, 3, 4, 5, 6, 7, 8, 9, 10, 11, 12, 13, 14, 15, 16, 17, 18, 19, 20, 21, 22, 23, 24, 25, 26, 27, 28, 29]
30: [0, 1, 2, 3, 4, 5, 6, 7, 8, 9, 10, 11, 12, 13, 14, 15, 16, 17, 18, 19, 20, 21, 22, 23, 24, 25, 26, 27, 28, 29]
31: [0, 1, 2, 3, 4, 5, 6, 7, 8, 9, 10, 11, 12, 13, 14, 15, 16, 17, 18, 19, 20, 21, 22, 23, 24, 25, 26, 27, 28, 29]
32: [0, 1, 2, 3, 4, 5, 6, 7, 8, 9, 10, 11, 12, 13, 14, 15, 16, 17, 18, 19, 20, 21, 22, 23, 24, 25, 26, 27, 28, 29]
33: [0, 1, 2, 3, 4, 5, 6, 7, 8, 9, 10, 11, 12, 13, 14, 15, 16, 17, 18, 19, 20, 21, 22, 23, 24, 25, 26, 27, 28, 29]
34: [0, 1, 2, 3, 4, 5, 6, 7, 8, 9, 10, 11, 12, 13, 14, 15, 16, 17, 18, 19, 20, 21, 22, 23, 24, 25, 26, 27, 28, 29]
35: [0, 1, 2, 3, 4, 5, 6, 7, 8, 9, 10, 11, 12, 13, 14, 15, 16, 17, 18, 19, 20, 21, 22, 23, 24, 25, 26, 27, 28, 29]
36: [1, 2, 3, 4, 5, 7, 8, 9, 10, 11, 12, 13, 14, 15, 16, 17, 18, 19, 20, 21, 22, 23, 24, 25, 26, 27, 28, 29]
37: [0, 1, 2, 3, 4, 5, 6, 7, 8, 9, 10, 11, 12, 13, 14, 15, 16, 17, 18, 19, 20, 21, 22, 23, 24, 25, 26, 27, 28, 29]
38: [0, 1, 2, 3, 4, 5, 6, 7, 8, 9, 10, 11, 13, 14, 15, 16, 17, 18, 19, 20, 21, 22, 23, 24, 25, 26, 27, 28, 29]
39: [0, 1, 2, 3, 4, 5, 6, 7, 8, 9, 10, 11, 12, 13, 14, 15, 16, 17, 18, 19, 20, 21, 22, 23, 24, 25, 26, 27, 28, 29]
40: [0, 1, 2, 3, 4, 5, 6, 7, 8, 9, 10, 11, 12, 13, 14, 15, 16, 17, 18, 19, 20, 21, 22, 23, 24, 25, 26, 27, 28, 29]
41: [0, 1, 2, 3, 4, 5, 6, 7, 8, 9, 10, 11, 12, 13, 14, 15, 16, 17, 18, 19, 20, 21, 22, 23, 24, 25, 26, 27, 28, 29]
42: [0, 1, 2, 3, 4, 5, 6, 7, 8, 9, 10, 11, 12, 13, 14, 15, 16, 17, 18, 19, 20, 21, 22, 23, 24, 25, 26, 27, 28, 29]
43: [0, 1, 2, 3, 4, 5, 6, 7, 8, 9, 10, 11, 12, 13, 14, 15, 16, 17, 18, 19, 20, 21, 22, 23, 24, 25, 26, 27, 28, 29]
44: [0, 1, 2, 3, 4, 5, 6, 7, 8, 9, 10, 11, 12, 13, 14, 15, 16, 17, 18, 19, 20, 21, 22, 23, 24, 25, 26, 27, 28, 29]
45: [0, 1, 2, 3, 4, 5, 6, 7, 8, 9, 10, 11, 12, 13, 14, 15, 16, 17, 18, 19, 20, 21, 22, 23, 24, 25, 26, 27, 28, 29]
46: [0, 1, 2, 3, 4, 5, 6, 7, 8, 9, 10, 13, 14, 15, 16, 17, 18, 19, 20, 21, 22, 23, 24, 25, 26, 27, 28, 29]
47: [0, 1, 2, 3, 4, 5, 6, 7, 8, 9, 10, 11, 12, 13, 14, 15, 16, 17, 18, 19, 20, 21, 22, 23, 24, 25, 26, 27, 28, 29]
48: [1, 2, 3, 4, 5, 7, 8, 9, 10, 11, 12, 13, 14, 15, 16, 17, 18, 19, 20, 21, 22, 24, 25, 26, 27, 28, 29]
49: [0, 1, 2, 3, 4, 5, 6, 7, 8, 9, 10, 11, 12, 13, 14, 15, 16, 17, 18, 19, 20, 21, 22, 23, 24, 25, 26, 27, 28, 29]
50: [0, 1, 2, 3, 4, 5, 6, 7, 8, 9, 10, 11, 12, 13, 14, 15, 16, 17, 18, 19, 20, 21, 22, 23, 24, 25, 26, 27, 28, 29]
51: [0, 1, 2, 3, 4, 5, 6, 7, 8, 9, 10, 11, 12, 13, 14, 15, 16, 17, 18, 19, 20, 21, 22, 23, 24, 25, 26, 27, 28, 29]
52: [1, 2, 3, 4, 5, 7, 8, 9, 10, 11, 12, 13, 14, 15, 16, 17, 18, 19, 20, 21, 22, 23, 24, 25, 26, 27, 28, 29]
53: [0, 1, 2, 3, 4, 5, 6, 7, 8, 9, 10, 11, 12, 13, 14, 15, 16, 17, 18, 19, 20, 21, 22, 23, 24, 25, 26, 27, 28, 29]
54: [0, 1, 2, 3, 4, 5, 6, 7, 8, 9, 10, 11, 12, 13, 14, 15, 16, 17, 18, 19, 20, 21, 22, 23, 24, 25, 26, 27, 28, 29]
55: [0, 1, 2, 3, 4, 5, 6, 7, 8, 9, 10, 11, 12, 13, 14, 15, 16, 17, 18, 19, 20, 21, 22, 23, 24, 25, 26, 27, 28, 29]
56: [0, 1, 2, 3, 4, 5, 6, 7, 8, 9, 10, 11, 12, 13, 14, 15, 16, 17, 18, 19, 20, 21, 22, 23, 24, 25, 26, 27, 28, 29]
57: [0, 1, 2, 3, 4, 5, 6, 7, 8, 9, 10, 11, 12, 13, 14, 15, 16, 17, 18, 19, 20, 21, 22, 23, 24, 25, 26, 27, 28, 29]
58: [0, 1, 2, 3, 4, 5, 6, 7, 8, 9, 10, 11, 12, 13, 14, 15, 16, 17, 18, 19, 20, 21, 22, 23, 24, 25, 26, 27, 28, 29]
59: [0, 1, 2, 3, 4, 5, 6, 7, 8, 9, 10, 11, 12, 13, 14, 15, 16, 17, 18, 19, 20, 21, 22, 23, 24, 25, 26, 27, 28, 29]

T_r (set of distribution centers that can serve each regional center r):
0: [0, 1, 2, 3, 4, 5, 6, 7, 8, 9, 10, 11, 12, 13, 14, 15, 16, 17, 18, 19, 20, 21, 22, 23, 24, 25, 26, 27, 28, 29, 30, 31, 32, 33, 34, 35, 36, 37, 38, 39, 40, 41, 42, 43, 44, 45, 46, 47, 48, 49, 50, 51, 52, 53, 54, 55, 56, 57, 58, 59]
1: [0, 1, 2, 3, 4, 5, 6, 7, 8, 9, 10, 11, 12, 13, 14, 15, 16, 17, 18, 19, 20, 21, 22, 23, 24, 25, 26, 27, 28, 29, 30, 31, 32, 33, 34, 35, 36, 37, 38, 39, 40, 41, 42, 43, 44, 45, 46, 47, 48, 49, 50, 51, 52, 53, 54, 55, 56, 57, 58, 59]
2: [0, 1, 2, 3, 4, 5, 6, 7, 8, 9, 10, 11, 12, 13, 14, 15, 16, 17, 18, 19, 20, 21, 22, 23, 24, 25, 26, 27, 28, 29, 30, 31, 32, 33, 34, 35, 36, 37, 38, 39, 40, 41, 42, 43, 44, 45, 46, 47, 48, 49, 50, 51, 52, 53, 54, 55, 56, 57, 58, 59]
3: [0, 1, 2, 3, 4, 5, 6, 7, 8, 10, 11, 12, 13, 14, 15, 16, 17, 18, 19, 20, 21, 22, 23, 24, 25, 27, 28, 29, 30, 31, 32, 33, 34, 35, 36, 37, 39, 40, 41, 42, 43, 44, 45, 47, 48, 49, 50, 51, 52, 53, 54, 55, 56, 57, 58, 59]
4: [0, 1, 2, 3, 4, 5, 6, 7, 8, 9, 10, 11, 12, 13, 14, 15, 16, 17, 18, 19, 20, 21, 22, 23, 24, 25, 26, 27, 28, 29, 30, 31, 32, 33, 34, 35, 36, 37, 38, 39, 40, 41, 42, 43, 44, 45, 46, 47, 48, 49, 50, 51, 52, 53, 54, 55, 56, 57, 58, 59]
5: [0, 1, 2, 3, 4, 5, 6, 7, 8, 9, 10, 11, 12, 13, 14, 15, 16, 17, 18, 19, 20, 21, 22, 23, 24, 25, 26, 27, 28, 29, 30, 31, 32, 33, 34, 35, 36, 37, 38, 39, 40, 41, 42, 43, 44, 45, 46, 47, 48, 49, 50, 51, 52, 53, 54, 55, 56, 57, 58, 59]
6: [0, 1, 2, 3, 4, 5, 6, 7, 8, 9, 10, 11, 12, 13, 14, 15, 16, 17, 18, 19, 20, 21, 22, 23, 24, 25, 26, 27, 28, 29, 30, 31, 32, 33, 34, 35, 36, 37, 38, 39, 40, 41, 42, 43, 44, 45, 46, 47, 48, 49, 50, 51, 52, 53, 54, 55, 56, 57, 58, 59]
7: [0, 1, 2, 3, 4, 5, 6, 7, 8, 9, 10, 11, 12, 13, 14, 15, 16, 17, 18, 19, 20, 21, 22, 23, 24, 25, 26, 27, 28, 29, 30, 31, 32, 33, 34, 35, 36, 37, 38, 39, 40, 41, 42, 43, 44, 45, 46, 47, 48, 49, 50, 51, 52, 53, 54, 55, 56, 57, 58, 59]
8: [0, 1, 2, 3, 4, 5, 6, 7, 8, 10, 11, 12, 13, 14, 15, 16, 17, 18, 19, 20, 21, 22, 23, 24, 25, 27, 28, 29, 30, 31, 32, 33, 34, 35, 36, 37, 39, 40, 41, 42, 43, 44, 45, 47, 48, 49, 50, 51, 52, 53, 54, 55, 56, 57, 58, 59]
9: [0, 1, 2, 3, 4, 6, 7, 8, 9, 10, 11, 12, 13, 14, 15, 16, 17, 18, 19, 20, 21, 22, 23, 24, 25, 26, 27, 28, 29, 30, 31, 32, 33, 34, 35, 36, 37, 38, 39, 40, 41, 42, 43, 44, 45, 46, 47, 48, 49, 50, 51, 52, 53, 54, 55, 56, 57, 58, 59]
10: [0, 1, 2, 3, 4, 5, 6, 7, 8, 9, 10, 11, 12, 13, 14, 15, 16, 17, 18, 19, 20, 21, 22, 23, 24, 25, 26, 27, 28, 29, 30, 31, 32, 33, 34, 35, 36, 37, 38, 39, 40, 41, 42, 43, 44, 45, 46, 47, 48, 49, 50, 51, 52, 53, 54, 55, 56, 57, 58, 59]
11: [0, 1, 2, 3, 4, 5, 6, 7, 8, 9, 10, 11, 12, 13, 14, 15, 16, 17, 18, 19, 20, 21, 22, 23, 24, 25, 26, 27, 28, 29, 30, 31, 32, 33, 34, 35, 36, 37, 38, 39, 40, 41, 42, 43, 44, 45, 46, 47, 48, 49, 50, 51, 52, 53, 54, 55, 56, 57, 58, 59]
12: [0, 1, 2, 3, 4, 5, 6, 7, 8, 9, 10, 11, 12, 13, 14, 15, 16, 17, 18, 19, 20, 21, 22, 23, 24, 25, 26, 27, 28, 29, 30, 31, 32, 33, 34, 35, 36, 37, 38, 39, 40, 41, 42, 43, 44, 45, 46, 47, 48, 49, 50, 51, 52, 53, 54, 55, 56, 57, 58, 59]
13: [0, 1, 2, 3, 4, 6, 7, 8, 9, 10, 11, 12, 13, 14, 15, 16, 17, 18, 19, 20, 21, 23, 24, 25, 26, 27, 28, 29, 30, 31, 32, 33, 34, 35, 36, 37, 38, 39, 40, 41, 42, 43, 44, 45, 46, 47, 49, 50, 51, 52, 53, 54, 55, 56, 57, 58, 59]
14: [0, 1, 2, 3, 4, 5, 6, 7, 8, 9, 10, 11, 12, 13, 14, 15, 16, 17, 18, 19, 20, 21, 22, 23, 24, 25, 26, 27, 28, 29, 30, 31, 32, 33, 34, 35, 36, 37, 38, 39, 40, 41, 42, 43, 44, 45, 46, 47, 48, 49, 50, 51, 52, 53, 54, 55, 56, 57, 58, 59]
15: [0, 1, 2, 3, 4, 5, 6, 7, 8, 9, 10, 11, 12, 13, 14, 15, 16, 19, 20, 21, 22, 23, 24, 25, 26, 27, 28, 29, 30, 31, 32, 33, 34, 35, 36, 37, 38, 39, 40, 41, 42, 43, 44, 45, 46, 47, 48, 49, 50, 51, 52, 53, 54, 55, 56, 57, 58, 59]
16: [0, 1, 2, 3, 4, 5, 6, 7, 8, 9, 10, 11, 12, 13, 14, 15, 16, 17, 18, 19, 20, 21, 22, 23, 24, 25, 26, 27, 28, 29, 30, 31, 32, 33, 34, 35, 36, 37, 38, 39, 40, 41, 42, 43, 44, 45, 46, 47, 48, 49, 50, 51, 52, 53, 54, 55, 56, 57, 58, 59]
17: [0, 1, 2, 3, 4, 5, 6, 7, 8, 9, 10, 11, 12, 13, 14, 15, 16, 17, 18, 19, 20, 21, 22, 23, 24, 25, 26, 27, 28, 29, 30, 31, 32, 33, 34, 35, 36, 37, 38, 39, 40, 41, 42, 43, 44, 45, 46, 47, 48, 49, 50, 51, 52, 53, 54, 55, 56, 57, 58, 59]
18: [0, 1, 2, 3, 4, 5, 6, 7, 8, 9, 10, 11, 12, 13, 14, 15, 16, 17, 18, 19, 20, 21, 22, 23, 24, 25, 26, 27, 28, 29, 30, 31, 32, 33, 34, 35, 36, 37, 38, 39, 40, 41, 42, 43, 44, 45, 46, 47, 48, 49, 50, 51, 52, 53, 54, 55, 56, 57, 58, 59]
19: [0, 1, 2, 3, 4, 5, 6, 7, 8, 9, 10, 11, 12, 13, 14, 15, 16, 17, 18, 19, 20, 21, 22, 23, 24, 25, 26, 27, 28, 29, 30, 31, 32, 33, 34, 35, 36, 37, 38, 39, 40, 41, 42, 43, 44, 45, 46, 47, 48, 49, 50, 51, 52, 53, 54, 55, 56, 57, 58, 59]
20: [0, 1, 2, 3, 4, 5, 6, 7, 8, 9, 10, 11, 12, 13, 14, 15, 16, 17, 18, 19, 20, 21, 22, 23, 24, 25, 26, 27, 28, 29, 30, 31, 32, 33, 34, 35, 36, 37, 38, 39, 40, 41, 42, 43, 44, 45, 46, 47, 48, 49, 50, 51, 52, 53, 54, 55, 56, 57, 58, 59]
21: [0, 1, 2, 3, 4, 5, 6, 7, 8, 9, 10, 11, 12, 13, 14, 15, 16, 17, 18, 19, 20, 21, 22, 23, 24, 25, 26, 27, 28, 29, 30, 31, 32, 33, 34, 35, 36, 37, 38, 39, 40, 41, 42, 43, 44, 45, 46, 47, 48, 49, 50, 51, 52, 53, 54, 55, 56, 57, 58, 59]
22: [0, 1, 2, 3, 4, 5, 6, 7, 8, 9, 10, 11, 12, 13, 14, 15, 16, 17, 18, 19, 20, 21, 22, 23, 24, 25, 26, 27, 28, 29, 30, 31, 32, 33, 34, 35, 36, 37, 38, 39, 40, 41, 42, 43, 44, 45, 46, 47, 48, 49, 50, 51, 52, 53, 54, 55, 56, 57, 58, 59]
23: [0, 1, 2, 3, 4, 5, 6, 7, 8, 9, 10, 11, 12, 13, 14, 15, 16, 17, 18, 19, 20, 21, 22, 23, 24, 25, 26, 27, 28, 29, 30, 31, 32, 33, 34, 35, 36, 37, 38, 39, 40, 41, 42, 43, 44, 45, 46, 47, 48, 49, 50, 51, 52, 53, 54, 55, 56, 57, 58, 59]
24: [0, 1, 2, 3, 4, 5, 6, 7, 8, 9, 10, 11, 12, 13, 14, 15, 16, 17, 18, 19, 20, 21, 22, 23, 24, 25, 27, 28, 29, 30, 31, 32, 33, 34, 35, 36, 37, 38, 39, 40, 41, 42, 43, 44, 45, 47, 48, 49, 50, 51, 52, 53, 54, 55, 56, 57, 58, 59]
25: [0, 1, 2, 3, 4, 5, 6, 7, 8, 9, 10, 11, 12, 13, 14, 15, 16, 17, 18, 19, 20, 21, 22, 23, 24, 25, 26, 27, 28, 29, 30, 31, 32, 33, 34, 35, 36, 37, 38, 39, 40, 41, 42, 43, 44, 45, 46, 47, 48, 49, 50, 51, 52, 53, 54, 55, 56, 57, 58, 59]
26: [0, 2, 3, 4, 5, 6, 7, 10, 11, 12, 13, 14, 15, 16, 17, 18, 19, 20, 21, 22, 23, 24, 25, 27, 28, 29, 30, 31, 32, 33, 34, 35, 36, 37, 39, 40, 41, 42, 43, 44, 45, 47, 48, 49, 50, 51, 52, 53, 54, 56, 57, 58, 59]
27: [0, 1, 2, 3, 4, 5, 6, 7, 8, 9, 10, 11, 12, 13, 14, 15, 16, 17, 18, 19, 20, 21, 22, 23, 24, 25, 27, 28, 29, 30, 31, 32, 33, 34, 35, 36, 37, 39, 40, 41, 42, 43, 44, 45, 47, 48, 49, 50, 51, 52, 53, 54, 55, 56, 57, 58, 59]
28: [0, 1, 2, 3, 4, 5, 6, 7, 8, 9, 10, 11, 12, 13, 14, 15, 16, 17, 18, 19, 20, 21, 22, 23, 24, 25, 26, 27, 28, 29, 30, 31, 32, 33, 34, 35, 36, 37, 38, 39, 40, 41, 42, 43, 44, 45, 46, 47, 48, 49, 50, 51, 52, 53, 54, 55, 56, 57, 58, 59]
29: [0, 1, 2, 3, 4, 5, 6, 7, 8, 9, 10, 11, 12, 13, 14, 15, 16, 17, 18, 19, 20, 21, 22, 23, 24, 25, 26, 27, 28, 29, 30, 31, 32, 33, 34, 35, 36, 37, 38, 39, 40, 41, 42, 43, 44, 45, 46, 47, 48, 49, 50, 51, 52, 53, 54, 55, 56, 57, 58, 59]
30: [1, 2, 3, 4, 5, 6, 7, 8, 9, 10, 11, 12, 13, 14, 15, 16, 17, 18, 19, 20, 21, 22, 23, 24, 26, 27, 28, 29, 30, 31, 32, 33, 34, 35, 36, 37, 38, 39, 40, 41, 42, 43, 44, 45, 46, 47, 48, 49, 50, 51, 52, 53, 54, 55, 56, 57, 58, 59]
31: [0, 1, 2, 3, 4, 5, 6, 7, 8, 9, 10, 11, 12, 13, 14, 15, 16, 17, 18, 19, 20, 21, 22, 23, 24, 25, 26, 27, 28, 29, 30, 31, 32, 33, 34, 35, 36, 37, 38, 39, 40, 41, 42, 43, 44, 45, 46, 47, 48, 49, 50, 51, 52, 53, 54, 55, 56, 57, 58, 59]
32: [0, 1, 2, 3, 4, 5, 6, 7, 8, 9, 10, 11, 12, 13, 14, 15, 16, 17, 18, 19, 20, 21, 22, 23, 24, 25, 26, 27, 28, 29, 30, 31, 32, 33, 34, 35, 36, 37, 38, 39, 40, 41, 42, 43, 44, 45, 46, 47, 48, 49, 50, 51, 52, 53, 54, 55, 56, 57, 58, 59]
33: [0, 1, 2, 3, 4, 5, 6, 7, 8, 9, 10, 11, 12, 13, 14, 15, 16, 17, 18, 19, 20, 21, 22, 23, 24, 25, 26, 27, 28, 29, 30, 31, 32, 33, 34, 35, 36, 37, 38, 39, 40, 41, 42, 43, 44, 45, 46, 47, 48, 49, 50, 51, 52, 53, 54, 55, 56, 57, 58, 59]
34: [0, 1, 2, 3, 4, 5, 6, 7, 8, 9, 10, 11, 12, 13, 14, 15, 16, 17, 18, 19, 20, 21, 22, 23, 24, 25, 26, 27, 28, 29, 30, 31, 32, 33, 34, 35, 36, 37, 38, 39, 40, 41, 42, 43, 44, 45, 46, 47, 48, 49, 50, 51, 52, 53, 54, 55, 56, 57, 58, 59]
35: [0, 1, 2, 3, 4, 6, 7, 8, 9, 10, 11, 12, 13, 14, 15, 16, 17, 18, 19, 20, 21, 22, 23, 24, 25, 26, 27, 28, 29, 30, 31, 32, 33, 34, 35, 36, 37, 38, 39, 40, 41, 42, 43, 44, 45, 46, 47, 49, 50, 51, 52, 53, 54, 55, 56, 57, 58, 59]
36: [0, 1, 2, 3, 4, 5, 6, 7, 8, 9, 10, 11, 12, 13, 14, 15, 16, 17, 18, 19, 20, 21, 22, 23, 24, 25, 26, 27, 28, 29, 30, 31, 32, 33, 34, 35, 36, 37, 38, 39, 40, 41, 42, 43, 44, 45, 46, 47, 48, 49, 50, 51, 52, 53, 54, 55, 56, 57, 58, 59]
37: [0, 1, 2, 3, 4, 5, 6, 7, 8, 9, 10, 11, 12, 13, 14, 15, 16, 17, 18, 19, 20, 21, 22, 23, 24, 25, 26, 27, 28, 29, 30, 31, 32, 33, 34, 35, 36, 37, 38, 39, 40, 41, 42, 43, 44, 45, 46, 47, 48, 49, 50, 51, 52, 53, 54, 55, 56, 57, 58, 59]
38: [0, 1, 2, 3, 4, 6, 7, 8, 9, 10, 11, 12, 13, 14, 15, 16, 17, 18, 19, 20, 21, 23, 24, 25, 26, 27, 28, 30, 31, 32, 33, 34, 35, 37, 38, 39, 40, 41, 42, 43, 44, 45, 46, 47, 49, 50, 51, 53, 54, 55, 56, 57, 58, 59]
39: [0, 1, 2, 3, 4, 5, 6, 7, 8, 9, 10, 11, 12, 13, 14, 15, 16, 17, 18, 19, 20, 21, 22, 23, 24, 25, 26, 27, 28, 29, 30, 31, 32, 33, 34, 35, 36, 37, 38, 39, 40, 41, 42, 43, 44, 45, 46, 47, 48, 49, 50, 51, 52, 53, 54, 55, 56, 57, 58, 59]
40: [1, 2, 3, 4, 5, 6, 7, 8, 9, 10, 11, 12, 13, 14, 15, 16, 17, 18, 19, 20, 21, 22, 23, 24, 25, 26, 27, 28, 29, 30, 31, 32, 33, 34, 35, 36, 37, 38, 39, 40, 41, 42, 43, 44, 45, 46, 47, 48, 49, 50, 51, 52, 53, 54, 55, 56, 57, 58, 59]
41: [0, 1, 2, 3, 4, 5, 6, 7, 8, 9, 10, 11, 12, 13, 14, 15, 16, 17, 18, 19, 20, 21, 22, 23, 24, 25, 26, 27, 28, 29, 30, 31, 32, 33, 34, 35, 36, 37, 38, 39, 40, 41, 42, 43, 44, 45, 46, 47, 48, 49, 50, 51, 52, 53, 54, 55, 56, 57, 58, 59]
42: [0, 1, 2, 3, 4, 5, 6, 7, 8, 9, 10, 11, 12, 13, 14, 15, 16, 17, 18, 19, 20, 21, 22, 23, 24, 25, 26, 27, 28, 29, 30, 31, 32, 33, 34, 35, 36, 37, 38, 39, 40, 41, 42, 43, 44, 45, 46, 47, 48, 49, 50, 51, 52, 53, 54, 55, 56, 57, 58, 59]
43: [0, 1, 2, 3, 4, 5, 6, 7, 8, 9, 10, 11, 12, 13, 14, 15, 16, 17, 18, 19, 20, 21, 22, 23, 24, 25, 26, 27, 28, 29, 30, 31, 32, 33, 34, 35, 36, 37, 38, 39, 40, 41, 42, 43, 44, 45, 46, 47, 48, 49, 50, 51, 52, 53, 54, 55, 56, 57, 58, 59]
44: [0, 1, 2, 3, 4, 5, 6, 7, 8, 9, 10, 11, 12, 13, 14, 15, 16, 17, 18, 19, 20, 21, 22, 23, 24, 25, 26, 27, 28, 29, 30, 31, 32, 33, 34, 35, 36, 37, 38, 39, 40, 41, 42, 43, 44, 45, 46, 47, 48, 49, 50, 51, 52, 53, 54, 55, 56, 57, 58, 59]
45: [0, 1, 2, 3, 4, 5, 6, 7, 8, 9, 10, 11, 12, 13, 14, 15, 16, 17, 18, 19, 20, 21, 22, 23, 24, 25, 27, 28, 29, 30, 31, 32, 33, 34, 35, 36, 37, 39, 40, 41, 42, 43, 44, 45, 47, 48, 49, 50, 51, 52, 53, 54, 55, 56, 57, 58, 59]
46: [0, 2, 3, 4, 5, 6, 7, 8, 10, 11, 12, 13, 14, 15, 16, 17, 18, 19, 20, 21, 22, 23, 24, 25, 27, 28, 29, 30, 31, 32, 33, 34, 35, 36, 37, 39, 40, 41, 42, 43, 44, 45, 47, 48, 49, 50, 51, 52, 53, 54, 55, 56, 57, 58, 59]
47: [0, 1, 2, 3, 4, 5, 6, 7, 8, 9, 10, 11, 12, 13, 14, 15, 16, 17, 18, 19, 20, 21, 22, 23, 24, 25, 26, 27, 28, 29, 30, 31, 32, 33, 34, 35, 36, 37, 38, 39, 40, 41, 42, 43, 44, 45, 46, 47, 48, 49, 50, 51, 52, 53, 54, 55, 56, 57, 58, 59]
48: [0, 1, 2, 3, 4, 5, 6, 7, 8, 9, 10, 11, 12, 13, 14, 15, 16, 17, 18, 19, 20, 21, 22, 23, 24, 25, 26, 27, 28, 29, 30, 31, 32, 33, 34, 35, 36, 37, 38, 39, 40, 41, 42, 43, 44, 45, 46, 47, 48, 49, 50, 51, 52, 53, 54, 55, 56, 57, 58, 59]
49: [0, 1, 2, 3, 4, 5, 6, 7, 8, 9, 10, 11, 12, 13, 14, 15, 16, 17, 18, 19, 20, 21, 22, 23, 24, 25, 26, 27, 28, 29, 30, 31, 32, 33, 34, 35, 36, 37, 38, 39, 40, 41, 42, 43, 44, 45, 46, 47, 48, 49, 50, 51, 52, 53, 54, 55, 56, 57, 58, 59]
50: [0, 1, 2, 3, 4, 5, 6, 7, 8, 9, 10, 11, 12, 13, 14, 15, 16, 17, 18, 19, 20, 21, 22, 23, 24, 25, 26, 27, 28, 29, 30, 31, 32, 33, 34, 35, 36, 37, 38, 39, 40, 41, 42, 43, 44, 45, 46, 47, 48, 49, 50, 51, 52, 53, 54, 55, 56, 57, 58, 59]
51: [0, 1, 2, 3, 4, 6, 7, 8, 9, 10, 11, 12, 13, 14, 15, 16, 17, 18, 19, 20, 21, 22, 23, 24, 25, 26, 27, 28, 29, 30, 31, 32, 33, 34, 35, 36, 37, 38, 39, 40, 41, 42, 43, 44, 45, 46, 47, 49, 50, 51, 52, 53, 54, 55, 56, 57, 58, 59]
52: [0, 1, 2, 3, 4, 6, 7, 8, 9, 10, 11, 12, 13, 14, 15, 16, 17, 18, 19, 20, 21, 23, 24, 25, 26, 27, 28, 29, 30, 31, 32, 33, 34, 35, 36, 37, 38, 39, 40, 41, 42, 43, 44, 45, 46, 47, 49, 50, 51, 52, 53, 54, 55, 56, 57, 58, 59]
53: [0, 1, 2, 3, 4, 5, 6, 7, 8, 9, 10, 11, 12, 13, 14, 15, 16, 17, 18, 19, 20, 21, 22, 23, 24, 25, 26, 27, 28, 29, 30, 31, 32, 33, 34, 35, 36, 37, 38, 39, 40, 41, 42, 43, 44, 45, 46, 47, 48, 49, 50, 51, 52, 53, 54, 55, 56, 57, 58, 59]
54: [0, 1, 2, 3, 4, 5, 6, 7, 8, 9, 10, 11, 12, 13, 14, 15, 16, 19, 20, 21, 22, 23, 24, 25, 26, 27, 28, 29, 30, 31, 32, 33, 34, 35, 36, 37, 38, 39, 40, 41, 42, 43, 44, 45, 46, 47, 48, 49, 50, 51, 52, 53, 54, 55, 56, 57, 58, 59]
55: [0, 1, 2, 3, 4, 5, 6, 7, 8, 9, 10, 11, 12, 13, 14, 15, 16, 17, 18, 19, 20, 21, 22, 23, 24, 25, 26, 27, 28, 29, 30, 31, 32, 33, 34, 35, 36, 37, 38, 39, 40, 41, 42, 43, 44, 45, 46, 47, 48, 49, 50, 51, 52, 53, 54, 55, 56, 57, 58, 59]
56: [0, 2, 3, 4, 5, 6, 7, 8, 10, 11, 12, 13, 14, 15, 16, 17, 18, 19, 20, 21, 22, 23, 24, 25, 27, 28, 29, 30, 31, 32, 33, 34, 35, 36, 37, 39, 40, 41, 42, 43, 44, 45, 47, 48, 49, 50, 51, 52, 53, 54, 55, 56, 57, 58, 59]
57: [0, 1, 2, 3, 4, 5, 6, 7, 8, 9, 10, 11, 12, 13, 14, 15, 16, 17, 18, 19, 20, 21, 22, 23, 24, 25, 26, 27, 28, 29, 30, 31, 32, 33, 34, 35, 36, 37, 38, 39, 40, 41, 42, 43, 44, 45, 46, 47, 48, 49, 50, 51, 52, 53, 54, 55, 56, 57, 58, 59]
58: [0, 1, 2, 3, 4, 5, 6, 7, 8, 9, 10, 11, 12, 13, 14, 15, 16, 17, 18, 19, 20, 21, 22, 23, 24, 25, 26, 27, 28, 29, 30, 31, 32, 33, 34, 35, 36, 37, 38, 39, 40, 41, 42, 43, 44, 45, 46, 47, 48, 49, 50, 51, 52, 53, 54, 55, 56, 57, 58, 59]
59: [0, 1, 2, 3, 4, 6, 7, 8, 9, 10, 11, 12, 13, 14, 15, 16, 17, 18, 19, 20, 21, 23, 24, 25, 26, 27, 28, 29, 30, 31, 32, 33, 34, 35, 36, 37, 38, 39, 40, 41, 42, 43, 44, 45, 46, 47, 49, 50, 51, 52, 53, 54, 55, 56, 57, 58, 59]
60: [0, 1, 2, 3, 4, 5, 6, 7, 8, 9, 10, 11, 12, 13, 14, 15, 16, 17, 18, 19, 20, 21, 22, 23, 24, 25, 26, 27, 28, 29, 30, 31, 32, 33, 34, 35, 36, 37, 38, 39, 40, 41, 42, 43, 44, 45, 46, 47, 48, 49, 50, 51, 52, 53, 54, 55, 56, 57, 58, 59]
61: [0, 1, 2, 3, 4, 6, 7, 8, 9, 10, 11, 12, 13, 14, 15, 16, 17, 18, 19, 20, 21, 23, 24, 25, 26, 27, 28, 29, 30, 31, 32, 33, 34, 35, 37, 38, 39, 40, 41, 42, 43, 44, 45, 46, 47, 49, 50, 51, 53, 54, 55, 56, 57, 58, 59]
62: [0, 1, 2, 3, 4, 5, 6, 7, 8, 9, 10, 11, 12, 13, 14, 15, 16, 17, 18, 19, 20, 21, 22, 23, 24, 25, 26, 27, 28, 29, 30, 31, 32, 33, 34, 35, 36, 37, 38, 39, 40, 41, 42, 43, 44, 45, 46, 47, 48, 49, 50, 51, 52, 53, 54, 55, 56, 57, 58, 59]
63: [0, 1, 2, 3, 4, 6, 7, 8, 9, 10, 11, 12, 13, 14, 15, 16, 17, 18, 19, 20, 21, 22, 23, 24, 25, 26, 27, 28, 29, 30, 31, 32, 33, 34, 35, 36, 37, 38, 39, 40, 41, 42, 43, 44, 45, 46, 47, 48, 49, 50, 51, 52, 53, 54, 55, 56, 57, 58, 59]
64: [0, 1, 2, 3, 4, 5, 6, 7, 8, 9, 10, 11, 12, 13, 14, 15, 16, 17, 18, 19, 20, 21, 22, 23, 24, 25, 26, 27, 28, 29, 30, 31, 32, 33, 34, 35, 36, 37, 38, 39, 40, 41, 42, 43, 44, 45, 46, 47, 48, 49, 50, 51, 52, 53, 54, 55, 56, 57, 58, 59]
65: [0, 1, 2, 3, 4, 5, 6, 7, 8, 9, 10, 11, 12, 13, 14, 15, 16, 17, 18, 19, 20, 21, 22, 23, 24, 25, 26, 27, 28, 29, 30, 31, 32, 33, 34, 35, 36, 37, 38, 39, 40, 41, 42, 43, 44, 45, 46, 47, 48, 49, 50, 51, 52, 53, 54, 55, 56, 57, 58, 59]
66: [0, 1, 2, 3, 4, 5, 6, 7, 8, 9, 10, 11, 12, 13, 14, 15, 16, 17, 18, 19, 20, 21, 22, 23, 24, 25, 26, 27, 28, 29, 30, 31, 32, 33, 34, 35, 36, 37, 38, 39, 40, 41, 42, 43, 44, 45, 46, 47, 48, 49, 50, 51, 52, 53, 54, 55, 56, 57, 58, 59]
67: [0, 1, 2, 3, 4, 6, 7, 8, 9, 10, 11, 12, 13, 14, 15, 16, 17, 18, 19, 20, 21, 23, 24, 25, 26, 27, 28, 30, 31, 32, 33, 34, 35, 37, 38, 39, 40, 41, 42, 43, 44, 45, 46, 47, 49, 50, 51, 53, 54, 55, 56, 57, 58, 59]
68: [0, 1, 2, 3, 4, 5, 6, 7, 8, 9, 10, 11, 12, 13, 14, 15, 16, 17, 18, 19, 20, 21, 22, 23, 24, 25, 26, 27, 28, 29, 30, 31, 32, 33, 34, 35, 36, 37, 38, 39, 40, 41, 42, 43, 44, 45, 46, 47, 48, 49, 50, 51, 52, 53, 54, 55, 56, 57, 58, 59]
69: [0, 1, 2, 3, 4, 5, 6, 7, 8, 9, 10, 11, 12, 13, 14, 15, 16, 17, 18, 19, 20, 21, 22, 23, 24, 25, 26, 27, 28, 29, 30, 31, 32, 33, 34, 35, 36, 37, 38, 39, 40, 41, 42, 43, 44, 45, 46, 47, 48, 49, 50, 51, 52, 53, 54, 55, 56, 57, 58, 59]
70: [0, 1, 2, 3, 4, 5, 6, 7, 8, 9, 10, 11, 12, 13, 14, 15, 16, 17, 18, 19, 20, 21, 22, 23, 24, 25, 26, 27, 28, 29, 30, 31, 32, 33, 34, 35, 36, 37, 38, 39, 40, 41, 42, 43, 44, 45, 46, 47, 48, 49, 50, 51, 52, 53, 54, 55, 56, 57, 58, 59]
71: [0, 1, 2, 3, 4, 5, 6, 7, 8, 9, 10, 11, 12, 13, 14, 15, 16, 17, 18, 19, 20, 21, 22, 23, 24, 25, 26, 27, 28, 29, 30, 31, 32, 33, 34, 35, 36, 37, 38, 39, 40, 41, 42, 43, 44, 45, 46, 47, 48, 49, 50, 51, 52, 53, 54, 55, 56, 57, 58, 59]
72: [0, 1, 2, 3, 4, 5, 6, 7, 8, 9, 10, 11, 12, 13, 14, 15, 16, 17, 18, 19, 20, 21, 22, 23, 24, 25, 26, 27, 28, 29, 30, 31, 32, 33, 34, 35, 36, 37, 38, 39, 40, 41, 42, 43, 44, 45, 46, 47, 48, 49, 50, 51, 52, 53, 54, 55, 56, 57, 58, 59]
73: [0, 1, 2, 3, 4, 5, 6, 7, 8, 9, 10, 11, 12, 13, 14, 15, 16, 17, 18, 19, 20, 21, 22, 23, 24, 25, 26, 27, 28, 29, 30, 31, 32, 33, 34, 35, 36, 37, 38, 39, 40, 41, 42, 43, 44, 45, 46, 47, 48, 49, 50, 51, 52, 53, 54, 55, 56, 57, 58, 59]
74: [0, 1, 2, 3, 4, 5, 6, 7, 8, 9, 10, 11, 12, 13, 14, 15, 16, 17, 18, 19, 20, 21, 22, 23, 24, 25, 26, 27, 28, 29, 30, 31, 32, 33, 34, 35, 36, 37, 38, 39, 40, 41, 42, 43, 44, 45, 46, 47, 48, 49, 50, 51, 52, 53, 54, 55, 56, 57, 58, 59]
75: [0, 1, 2, 3, 4, 5, 6, 7, 8, 9, 10, 11, 12, 13, 14, 15, 16, 17, 18, 19, 20, 21, 22, 23, 24, 25, 26, 27, 28, 29, 30, 31, 32, 33, 34, 35, 36, 37, 38, 39, 40, 41, 42, 43, 44, 45, 46, 47, 48, 49, 50, 51, 52, 53, 54, 55, 56, 57, 58, 59]
76: [0, 1, 2, 3, 4, 5, 6, 7, 8, 9, 10, 11, 12, 13, 14, 15, 16, 17, 18, 19, 20, 21, 22, 23, 24, 25, 26, 27, 28, 29, 30, 31, 32, 33, 34, 35, 36, 37, 38, 39, 40, 41, 42, 43, 44, 45, 46, 47, 48, 49, 50, 51, 52, 53, 54, 55, 56, 57, 58, 59]
77: [0, 1, 2, 3, 4, 5, 6, 7, 8, 9, 10, 11, 12, 13, 14, 15, 16, 17, 18, 19, 20, 21, 22, 23, 24, 25, 26, 27, 28, 29, 30, 31, 32, 33, 34, 35, 36, 37, 38, 39, 40, 41, 42, 43, 44, 45, 46, 47, 48, 49, 50, 51, 52, 53, 54, 55, 56, 57, 58, 59]
78: [0, 1, 2, 3, 4, 5, 6, 7, 8, 9, 10, 11, 12, 13, 14, 15, 16, 17, 18, 19, 20, 21, 22, 23, 24, 25, 26, 27, 28, 29, 30, 31, 32, 33, 34, 35, 36, 37, 38, 39, 40, 41, 42, 43, 44, 45, 46, 47, 48, 49, 50, 51, 52, 53, 54, 55, 56, 57, 58, 59]
79: [0, 1, 2, 3, 4, 5, 6, 7, 8, 9, 10, 11, 12, 13, 14, 15, 16, 18, 19, 20, 21, 22, 23, 24, 25, 26, 27, 28, 29, 30, 31, 32, 33, 34, 35, 36, 37, 38, 39, 40, 41, 42, 43, 44, 45, 46, 47, 48, 49, 50, 51, 52, 53, 54, 55, 56, 57, 58, 59]
80: [0, 1, 2, 3, 4, 5, 6, 7, 8, 9, 10, 11, 12, 13, 14, 15, 16, 17, 18, 19, 20, 21, 22, 23, 24, 25, 26, 27, 28, 29, 30, 31, 32, 33, 34, 35, 36, 37, 38, 39, 40, 41, 42, 43, 44, 45, 46, 47, 48, 49, 50, 51, 52, 53, 54, 55, 56, 57, 58, 59]
81: [0, 1, 2, 3, 4, 6, 7, 8, 9, 10, 11, 12, 13, 14, 15, 16, 17, 18, 19, 20, 21, 23, 24, 25, 26, 27, 28, 30, 31, 32, 33, 34, 35, 37, 38, 39, 40, 41, 42, 43, 44, 45, 46, 47, 49, 50, 51, 53, 54, 55, 56, 57, 58, 59]
82: [0, 1, 2, 3, 4, 5, 6, 7, 8, 9, 10, 11, 12, 13, 14, 15, 16, 17, 18, 19, 20, 21, 22, 23, 24, 25, 26, 27, 28, 29, 30, 31, 32, 33, 34, 35, 36, 37, 38, 39, 40, 41, 42, 43, 44, 45, 46, 47, 48, 49, 50, 51, 52, 53, 54, 55, 56, 57, 58, 59]
83: [0, 1, 2, 3, 4, 5, 6, 7, 8, 9, 10, 11, 12, 13, 14, 15, 16, 17, 18, 19, 20, 21, 22, 23, 24, 25, 26, 27, 28, 29, 30, 31, 32, 33, 34, 35, 36, 37, 38, 39, 40, 41, 42, 43, 44, 45, 46, 47, 48, 49, 50, 51, 52, 53, 54, 55, 56, 57, 58, 59]
84: [0, 1, 2, 3, 4, 5, 6, 7, 8, 9, 10, 11, 12, 13, 14, 15, 16, 17, 18, 19, 20, 21, 22, 23, 24, 25, 26, 27, 28, 29, 30, 31, 32, 33, 34, 35, 36, 37, 38, 39, 40, 41, 42, 43, 44, 45, 46, 47, 48, 49, 50, 51, 52, 53, 54, 55, 56, 57, 58, 59]
85: [0, 1, 2, 3, 4, 5, 6, 7, 8, 9, 10, 11, 12, 13, 14, 15, 16, 17, 18, 19, 20, 21, 22, 23, 24, 25, 26, 27, 28, 29, 30, 31, 32, 33, 34, 35, 36, 37, 38, 39, 40, 41, 42, 43, 44, 45, 46, 47, 48, 49, 50, 51, 52, 53, 54, 55, 56, 57, 58, 59]
86: [0, 1, 2, 3, 4, 5, 6, 7, 8, 9, 10, 11, 12, 13, 14, 15, 16, 17, 18, 19, 20, 21, 22, 23, 24, 25, 26, 27, 28, 29, 30, 31, 32, 33, 34, 35, 36, 37, 38, 39, 40, 41, 42, 43, 44, 45, 46, 47, 48, 49, 50, 51, 52, 53, 54, 55, 56, 57, 58, 59]
87: [0, 1, 2, 3, 4, 5, 6, 7, 8, 9, 10, 11, 12, 13, 14, 15, 16, 17, 18, 19, 20, 21, 22, 23, 24, 25, 26, 27, 28, 29, 30, 31, 32, 33, 34, 35, 36, 37, 38, 39, 40, 41, 42, 43, 44, 45, 46, 47, 48, 49, 50, 51, 52, 53, 54, 55, 56, 57, 58, 59]
88: [0, 1, 2, 3, 4, 5, 6, 7, 8, 9, 10, 11, 12, 13, 14, 15, 16, 17, 18, 19, 20, 21, 22, 23, 24, 25, 26, 27, 28, 29, 30, 31, 32, 33, 34, 35, 36, 37, 38, 39, 40, 41, 42, 43, 44, 45, 46, 47, 48, 49, 50, 51, 52, 53, 54, 55, 56, 57, 58, 59]
89: [0, 1, 2, 3, 4, 5, 6, 7, 8, 9, 10, 11, 12, 13, 14, 15, 16, 17, 18, 19, 20, 21, 22, 23, 24, 25, 26, 27, 28, 29, 30, 31, 32, 33, 34, 35, 36, 37, 38, 39, 40, 41, 42, 43, 44, 45, 46, 47, 48, 49, 50, 51, 52, 53, 54, 55, 56, 57, 58, 59]

